100
195409.6250 599761.7500
273223.5000 249793.1250
-913825.2500 67417.5000
-351588.9375 -661293.0000
-41501.3125 844764.6250
963791.6250 486759.2500
516473.5000 446273.3750
993349.6250 370142.8750
-979925.1250 -771165.5625
-813445.7500 398238.1250
910578.2500 417380.3750
302564.3750 87957.5000
-997601.9375 -801273.1250
878269.1250 -695372.2500
381886.0000 -931493.8750
-34288.3125 357587.1250
462164.2500 -283187.8125
-789839.1250 -404402.3125
-596305.8750 -826238.8750
183399.7500 -112323.2500
-459352.9375 401234.0000
-495740.5312 -344409.8125
496885.0000 89040.0000
-547250.3125 -854438.5000
-617625.9375 364216.2500
-834747.8750 -438914.4375
-432005.2500 392667.7500
-617199.4375 -712121.0000
574674.2500 728897.2500
125917.3750 549421.3750
29435.8750 293331.8750
-458923.1250 728835.7500
353436.3750 879892.5000
-408540.1875 205009.3750
546791.8750 -335065.9375
394303.2500 -67805.4375
6094.0000 -946986.0000
277392.2500 422340.5000
-69990.6250 131845.7500
-8463.5000 -332719.0000
106059.6250 -246319.6250
227306.6250 544905.5000
202220.8750 342250.3750
229497.7500 727567.6250
792043.7500 -831035.1875
831159.1250 -119424.5625
-201301.6875 -709478.2500
-325017.4375 722655.7500
-559010.5625 -567891.8750
-246408.3125 709213.6250
-668375.3750 615418.1250
3523.6875 615220.1250
885102.8750 -776885.5000
-120468.8125 -76284.8750
532843.0000 -718597.4375
-829367.8125 -508527.9688
-19803.7500 815016.3750
614484.6250 -841874.5625
481875.0000 -355299.5000
-424508.6250 875086.2500
-862667.0000 -717014.5000
566582.6250 -843781.3750
961021.0000 554469.0000
-739832.7500 -121422.0000
-73908.2500 -368660.3125
-472414.2500 -176026.2500
876986.6250 133211.0000
841054.8750 -485580.9062
-91710.0000 -390319.0000
-581595.6250 630893.0000
698505.1250 -876974.0000
-611285.3750 -223990.6875
-165432.0000 127199.0000
772802.7500 -414781.1250
-837992.1250 494982.0000
-569678.8750 -133787.6875
-342012.4375 -592749.5625
-17738.9375 -203963.6875
-576069.1250 -138548.0000
-201056.0000 6532.9375
327384.8750 851926.5000
-162906.4375 356151.5000
809890.2500 31344.6250
-855108.5000 -174621.0000
-677648.9375 191903.5000
157169.6250 754218.8750
470766.6250 -450022.5625
-348151.5000 174668.3750
810659.0000 618005.0000
613133.3750 746511.2500
765253.1250 933109.1250
80858.5000 -388761.7500
467833.6250 988187.5000
-678968.5000 878998.0000
-263882.4375 576886.7500
268739.3750 927843.7500
12244.5625 702565.2500
-413859.8125 -205534.2500
-735921.4375 258776.8750
-786951.8125 -631807.3750
