1000
590641.6250 -549735.7500
418446.1250 913572.7500
886756.3750 822805.1250
672960.2500 -285317.2500
-367704.8125 444197.7500
103732.0000 -14511.5625
-142087.3750 -575483.0000
-993603.1875 -62533.0625
854106.1250 511742.3750
-934352.2500 961210.5000
741854.5000 341330.5000
363927.2500 350113.8750
-264084.9375 525360.6250
-44603.3750 -475280.8125
92680.6250 351525.6250
1067.5000 -317843.6875
-123027.8750 -57602.3750
570492.0000 270635.5000
-584669.2500 259499.8750
-941290.5000 -535785.1250
741439.5000 -269724.4375
-360301.0000 -627736.1250
-466005.5000 420987.3750
-113868.1250 -154347.2500
530685.6250 218512.0000
639518.8750 -765952.3125
-410868.9375 393145.1250
699043.7500 525417.8750
257556.5000 828003.6250
-505549.0000 754060.5000
-594371.8750 -762455.8125
-548732.8125 392184.8750
-896847.9375 -552204.2500
-327245.9375 677079.3750
154441.3750 -22719.4375
-273057.3125 -304532.2500
-463487.8125 726455.5000
192983.2500 160420.7500
529755.1250 -530818.7500
-479434.5625 -405573.8750
22905.2500 143275.0000
-698016.1250 968483.5000
601085.3750 442351.5000
247862.8750 443163.3750
-796668.1875 -167953.6250
-826930.5000 397880.2500
494005.7500 -220593.0000
202491.8750 755292.5000
-293005.6875 -719598.5625
-666712.3750 -546954.6250
-41378.2500 565595.1250
-229557.8750 555112.1250
573338.2500 -179176.9375
-472887.5000 95646.2500
-612551.1875 180007.6250
-174906.5000 852372.5000
269388.3750 346419.3750
-980065.5000 -390371.8750
169492.7500 39636.3750
-645079.0000 663851.6250
-551582.6250 156687.6250
258134.3750 -449083.1875
218990.8750 463986.3750
-52498.6250 581421.2500
-892949.5000 -344909.4375
833699.7500 197705.3750
-761424.8750 -9684.1250
-574057.8750 732755.7500
238166.6250 -190501.6875
-384023.0625 866282.8750
-913726.5625 -275534.8125
-445107.2500 997772.1250
448064.3750 -916615.2500
807946.2500 616814.8750
974614.1250 -847803.0000
932202.8750 339437.8750
980291.3750 -466770.9375
-79167.6875 -243831.6875
876362.2500 -571376.4375
194870.1250 -981008.2500
487276.2500 -817963.5000
-295073.8750 -348562.8125
31784.4375 693165.3750
435699.6250 199704.6250
819468.2500 802214.5000
397133.6250 803260.3750
-807061.1875 624691.7500
-99126.3125 -276914.3750
-55160.9375 -16544.0000
424713.3750 909765.2500
449660.1250 158175.1250
392622.5000 -563313.3750
765697.3750 806614.2500
-590536.8750 -925363.8750
-676061.3125 846749.7500
-381783.8750 -562526.4375
65146.8750 -642109.5000
-22447.7500 924970.3750
891808.7500 720705.1250
311325.6250 629756.1250
-978152.8125 450111.3750
372779.2500 186135.0000
425791.2500 -699445.1250
-452107.4375 273668.5000
-71917.6875 -569766.8750
-98647.8750 -720896.0000
-80884.3750 24627.8125
668157.6250 575633.2500
-810183.8750 -274814.6875
-769490.0000 -760562.2500
-757139.8750 -818394.5625
-316721.1250 750144.7500
300611.7500 867751.6250
-36942.5000 380553.5000
-464223.1250 -892036.8750
767121.7500 -198324.0625
768032.6250 -984782.0625
-433912.1875 325552.8750
-113337.0000 -762903.1250
794917.3750 -854715.6250
-102709.0000 175754.0000
874975.2500 -230328.1250
-847166.8750 -291238.6250
844052.5000 -332906.3125
847264.3750 -9350.4375
424040.0000 -26749.3125
551185.7500 840040.0000
-330259.0625 -222427.0000
62552.2500 -664838.3125
483705.1250 -685280.8750
-546297.7500 -367736.4375
-445915.4375 374103.2500
-530780.7500 -501251.3125
-75840.1875 -832395.7500
129026.7500 -645675.6250
142169.2500 552754.2500
-83223.7500 -561794.6875
-85817.3750 -741838.8750
266370.0000 -332821.6875
24888.2500 879040.0000
345163.8750 296325.6250
157468.7500 -831191.8750
922759.1250 578028.3750
-570897.2500 813912.6250
-860084.5000 929680.5000
-749514.5625 560198.2500
216250.3750 909038.8750
-870906.5000 520921.6250
-679758.0000 674797.3750
-789760.3125 -693567.5000
-564151.1250 498687.1250
-935766.8125 312671.1250
-858699.4375 566855.5000
512178.1250 -161330.8750
657238.8750 177584.1250
-549622.9375 212259.7500
94965.2500 487659.6250
110981.8750 81282.2500
793938.3750 -728101.7500
-894809.9375 -276604.6250
327149.7500 929513.1250
-279890.1875 405290.6250
-197806.5625 -113773.8750
-517795.5000 -534808.0000
909169.8750 -588986.1875
97598.2500 418402.8750
-185682.5000 332231.5000
-833555.3125 -765564.0000
737260.7500 436171.6250
460959.3750 -858662.3750
-132037.4375 -655211.0000
-399159.0625 846528.2500
-900815.9375 -666799.6250
297103.1250 -13667.1250
289083.6250 -587476.1250
-560004.6250 628514.2500
-228961.2500 2842.3125
835117.5000 -151077.8125
31448.9375 -181708.1875
609993.1250 562183.0000
121840.6250 154109.7500
840201.0000 -224261.3125
644625.3750 -741438.4375
175298.0000 218847.8750
-133954.4375 232990.1250
-696230.1875 627792.2500
687596.1250 459373.3750
-795661.8750 427750.6250
697799.0000 -688600.1250
542204.7500 -92429.2500
-413689.6250 835460.5000
173430.1250 -881765.1250
542548.0000 839920.3750
-436200.4375 604246.0000
-648929.6250 778803.6250
482953.6250 -560452.0000
31144.2500 -997320.6875
-254103.2500 -557639.9375
213139.5000 -713142.5000
995525.6250 235437.3750
-360396.6875 -200295.1250
515403.0000 813263.2500
141431.7500 377946.1250
-941206.6250 -958466.1875
-466079.1250 -859193.5625
-764324.6875 608272.3750
110228.0000 -5348.3125
316323.6250 602743.8750
361935.2500 451143.1250
13423.9375 -953530.5000
451467.1250 -384455.8125
-494511.8438 -191021.2500
-313738.9375 739197.1250
337234.5000 989964.7500
-921968.5625 -100251.1875
159839.0000 474573.7500
422878.8750 414138.3750
179491.2500 -674589.1875
332897.0000 709367.1250
-844760.8125 998105.2500
-29111.3125 104597.6250
-808909.8125 726315.8750
878817.2500 652994.5000
-221487.0625 280346.1250
-904110.9375 -532451.0000
-882588.6875 607194.3750
632397.5000 332042.1250
-755768.1875 705137.3750
758149.5000 -196063.6250
-186387.2500 218707.3750
404020.0000 -609959.8750
-537791.6250 363983.0000
504207.2500 -664693.0000
720912.8750 210788.3750
-889104.3750 383120.7500
439361.8750 823135.6250
-996680.6875 355387.7500
135291.0000 787894.0000
-964223.8125 -164750.6250
996147.1250 290652.5000
-240678.1250 245121.6250
-837926.1875 922898.8750
705709.3750 974754.8750
-220026.6250 856296.7500
-200669.0625 13077.8750
-819842.4375 -645018.1250
-429889.1250 908048.3750
-498842.7812 853186.2500
699972.8750 -50294.5000
604674.6250 444255.6250
-468617.1250 766438.5000
990557.6250 -48492.2500
17693.7500 302613.0000
-643247.1250 -620375.0000
897763.3750 945373.7500
-799683.0000 709061.7500
651311.7500 -272585.7500
19990.3125 596181.3750
-950490.9375 -21833.1875
220091.1250 -901516.0000
815082.6250 -928969.1875
-963883.5000 -905751.3750
656379.3750 9677.8750
839423.3750 -232948.1875
959972.8750 188431.0000
951184.2500 263518.2500
-602632.6250 553305.0000
-919776.8750 -445821.3750
335060.1250 -689930.6875
-370011.8125 -643682.3750
858352.7500 -788191.9375
862932.6250 335506.7500
-477040.4688 -689741.0000
834667.2500 380486.3750
-128366.5625 252744.2500
-547633.8750 542955.3750
-30643.8750 -82348.4375
-31113.0000 968404.1250
-675865.3125 -915254.1250
-126754.4375 731592.3750
-94326.4375 -361997.6875
-100922.2500 655197.1250
-948861.3750 -200330.1250
551227.1250 486972.7500
-627149.3750 474526.8750
-225899.7500 -499686.1875
-762834.0000 -697254.8750
-285531.1875 -950573.3125
-174146.1875 -922364.1250
535984.6250 -874246.6875
639746.5000 293606.1250
990643.6250 219848.2500
-318952.3125 -252294.8125
351711.7500 -631263.6875
397763.7500 -780841.4375
-502901.5938 -784822.0000
86389.7500 -267026.5000
-863405.5000 -46222.6250
582285.2500 743534.3750
182589.2500 468625.2500
238977.3750 777904.3750
-945779.1250 493666.5000
-882919.6250 289945.7500
355555.8750 770295.5000
-802818.5000 -172237.9375
-835941.0625 -971192.6875
33488.0625 338551.3750
375062.8750 833603.5000
372729.1250 -319368.5625
110437.7500 459815.0000
-483879.2188 127537.1250
456450.2500 -557478.6250
-461992.7500 -441748.1875
-530538.0000 -712472.8125
883804.5000 -751539.0000
-684585.1875 103844.5000
716941.1250 176754.7500
272904.6250 -369829.6250
-777244.3750 707278.1250
428759.1250 854431.3750
753048.0000 153671.2500
738773.5000 475917.1250
176515.7500 565251.2500
69615.1250 700307.6250
-796127.3750 20658.2500
-941257.5000 -513294.5625
561409.6250 284914.7500
-742751.8750 -389762.7500
733611.2500 569568.2500
-329113.1250 -196485.3125
346835.2500 596200.8750
638974.5000 -740724.7500
-354540.1250 -754706.6250
-507655.0000 -755429.7500
-187383.0000 -157445.5625
470139.3750 654398.2500
-385792.3125 -366417.8750
-375224.4375 -11089.1250
-508237.9375 -397007.6875
-398225.8125 44957.5000
129488.5000 -980298.1250
-822380.8750 312082.8750
-748330.3750 245210.3750
-503879.4062 811417.6250
-171926.5000 -700789.6250
341482.3750 431864.1250
-603411.3125 -704980.2500
123297.5000 465765.6250
-295761.7500 260707.1250
-327349.1875 -867634.1250
806827.5000 241971.0000
-932208.1250 349798.7500
591964.3750 377973.0000
234770.8750 -854153.9375
812709.7500 -205699.2500
-593947.7500 -787207.3750
487126.5000 -479057.1250
996916.3750 -866008.3750
-286950.4375 -825982.4375
-414093.1250 -775415.8750
-163089.0625 336873.7500
-789160.5000 962766.1250
683866.7500 579442.1250
-633342.8750 -252075.5625
-478749.5000 -592995.7500
210740.3750 -343415.8125
-158144.6250 -86878.0000
-291580.8125 63170.5000
701930.1250 -598280.3750
445007.2500 -659698.6250
442687.7500 -763941.0625
-750774.1250 252350.2500
-80694.3125 -261086.5000
447144.0000 -229877.5625
414163.3750 -850454.3125
-198406.4375 842732.2500
-545655.7500 -617394.2500
-717385.0000 -835884.8750
481198.6250 910720.6250
-738588.5000 -494123.8125
-736309.5000 543539.1250
935787.5000 845774.7500
-235879.3750 -218613.4375
-415908.0625 -424252.7500
150716.1250 -166588.3125
-685935.3125 -915016.7500
132.5625 -514785.5000
-160090.3125 227157.7500
-473308.3750 -637857.6250
434612.5000 -894482.3750
211343.8750 533480.7500
492090.8750 57505.3750
836415.7500 569693.3750
-779935.1250 -360491.4375
-686282.4375 -369053.7500
680548.2500 -348623.7500
362372.8750 -24849.0625
-402470.8750 401237.5000
-756258.8125 -327765.5625
649166.5000 -441801.0625
-626979.6250 540927.7500
508651.7500 352978.5000
458351.3750 909053.3750
-975869.6875 -489139.9688
-58036.0000 557978.3750
488397.7500 589902.2500
790867.1250 499838.8750
317498.2500 102714.1250
223317.2500 192909.1250
294396.6250 -707663.8125
-7714.1250 -76635.1875
30117.5000 347952.0000
606099.1250 185435.0000
-485548.0312 708366.3750
120529.3750 -605573.8750
-52879.1875 -261798.8125
851254.6250 -741307.1250
-415319.8125 -964860.8125
523099.3750 -279614.2500
-560777.7500 -267540.9375
950628.8750 -991435.0625
848082.2500 -779624.6875
-284795.3750 -281328.3125
-56717.6875 -555010.2500
812852.1250 745571.0000
-550670.8750 -393559.2500
-121925.5625 875104.2500
350299.7500 796950.7500
413515.5000 -512380.9688
-200027.0000 -45469.1875
217809.6250 146261.6250
883411.6250 728082.5000
309797.1250 -500249.3125
-189279.2500 760148.1250
818542.1250 783293.7500
-475820.4688 -763043.7500
261148.8750 885479.8750
-286528.6875 -870368.6875
-106964.5000 311768.5000
-618825.5000 247598.0000
139937.2500 -599860.7500
-14043.7500 -74255.5625
387962.2500 -33177.3750
55809.3750 480279.5000
-945427.3125 -12313.0625
911330.5000 203659.8750
816339.1250 730220.5000
-176200.4375 211092.0000
848230.7500 599443.5000
-928638.5000 212951.1250
657626.5000 372384.0000
-456546.7500 729668.7500
992324.5000 819717.5000
373396.5000 -1762.7500
-613089.5000 -323949.1875
614284.7500 -194644.1875
310989.2500 284542.7500
-354848.3750 797265.7500
-361806.6875 62809.5000
146771.7500 -885217.6250
-217536.5000 794179.8750
73816.2500 -136367.3750
805302.1250 631570.5000
-894020.3750 712507.0000
-246884.8750 198950.0000
928483.1250 605755.2500
285510.6250 -983620.8125
-325369.0625 577002.1250
150993.8750 -477411.1562
-870720.8125 -246258.7500
67130.5000 -204672.6250
190840.2500 260498.0000
842621.6250 -548411.8125
4142.8750 -57951.8125
-107229.8750 -370209.2500
208049.0000 -212994.1250
-750851.6875 680386.1250
-488536.3125 435384.7500
-484228.6250 -829921.1250
-552074.7500 -430448.7500
809810.8750 -720365.9375
744368.0000 490435.2500
-630651.1250 592096.6250
288757.6250 646533.5000
516010.3750 -850210.2500
-915412.1250 586724.8750
-39924.5625 668647.6250
-351759.2500 987424.7500
-196723.9375 -17980.3750
-998763.5625 -339203.8125
-812619.9375 -219361.7500
499484.1250 296334.8750
-816788.1875 830914.7500
27146.4375 241329.6250
-945154.7500 251148.6250
-493554.1875 784167.6250
-855550.6250 834720.3750
-809054.9375 761063.3750
-714386.6250 213797.0000
-956202.8125 -696790.3750
-599958.7500 -900731.8125
-575706.7500 493926.6250
505677.0000 97013.5000
-139952.3750 913658.6250
-124105.9375 -179694.4375
-667442.8750 151682.7500
-843487.3125 288401.0000
-856905.6875 -491393.8750
173582.1250 -13436.4375
-838779.9375 -605630.8750
380358.0000 625357.2500
-560104.0000 677422.5000
-862107.6875 331834.2500
445450.3750 556580.2500
55576.0000 685432.0000
204294.5000 66175.1250
-158371.6875 -421500.4375
250600.8750 247173.7500
-846693.3750 -152486.8750
-112981.0000 -374850.5000
226307.6250 -872004.1250
-182362.8125 -447800.4375
-154220.0000 -971033.1250
-291651.1875 24734.2500
134496.6250 218607.3750
304564.3750 483745.1250
382490.5000 812779.2500
-730023.1250 517717.0000
394226.3750 501243.2500
274178.5000 -238931.7500
148214.8750 118173.8750
-976632.9375 -952637.3750
-280465.2500 -269785.2500
741569.3750 220190.5000
-949728.8750 -444038.1875
-823496.5000 -93224.4375
-559617.2500 -505298.9688
6256.8125 513238.8750
781958.5000 -841388.6250
106432.6250 375802.1250
940178.8750 814359.5000
146100.6250 -413509.5000
-573028.7500 -487093.0312
-406943.9375 -894413.4375
-600075.3750 493806.1250
-366961.9375 532732.3750
286418.5000 470535.2500
-684536.0000 -162830.0625
524223.5000 -995982.3750
509149.2500 623937.0000
-353331.0625 -730193.0000
-212938.5625 -435545.5000
-338465.3750 -857639.0000
88133.7500 -587488.0625
517742.7500 -735734.0000
439451.0000 -297944.9375
917551.5000 -147146.0000
416932.7500 -712178.4375
-189348.5000 -612613.1250
255613.7500 -380659.5000
159259.5000 102228.7500
213039.8750 676397.5000
-404950.8125 560218.7500
496165.3750 -8300.3750
739487.8750 -948370.3750
506515.3750 571934.7500
-86196.9375 -995542.6875
-501687.5312 -711876.1250
-855438.8750 137867.7500
843245.0000 638593.6250
534961.5000 419380.8750
914678.8750 -902069.6875
-312111.4375 -991391.1875
380643.7500 343094.0000
-545496.6250 -521600.8438
-359781.0625 -161739.7500
-107125.2500 -840370.5000
112032.8750 -453375.8750
475609.0000 936185.8750
543244.2500 -441093.3750
27794.3750 305231.6250
321105.3750 -860931.6875
231575.6250 818720.2500
-338877.9375 91132.2500
923216.8750 478427.0000
-912640.1250 504854.3750
789956.2500 -742619.7500
-432946.6875 793334.1250
-141941.9375 -534785.6250
99162.8750 381751.6250
-288592.3125 632338.3750
-915033.3750 -371804.3125
-302961.4375 -966401.0625
41030.1875 127806.2500
740741.1250 -406810.2500
-690476.1250 -364175.0625
878861.7500 -831387.0000
252395.8750 -969105.0000
-356459.5000 17947.4375
-696619.8125 985262.2500
-241254.8125 -89262.8750
292952.5000 -769542.8750
788230.7500 -346832.3750
-720987.6250 -204600.5000
652560.8750 360840.8750
-281734.0625 -410084.0000
674785.2500 896214.3750
224028.2500 -884261.0625
-29260.0000 -756829.2500
909132.3750 227935.3750
-168196.1875 -211588.5000
313298.2500 -873783.9375
-172217.9375 -397106.6875
843011.7500 -467255.1250
-578392.2500 497853.3750
927676.5000 961559.2500
684231.8750 -539972.3750
352421.2500 -114574.1250
623905.8750 -854487.7500
-243667.6875 -13699.3125
983741.2500 677514.3750
-645040.8125 -261001.0625
-823763.1250 798903.8750
170659.7500 -987554.5625
-428097.3125 277954.0000
228438.1250 968538.6250
136705.6250 -640439.3125
-897641.1875 -388820.0000
156820.7500 -655312.8750
-435593.1875 -312395.7500
-64069.2500 985657.0000
556303.2500 -812247.5000
281504.2500 -211442.7500
-687222.8125 -756868.3750
-830304.5000 -153913.8750
90154.5000 -928179.3125
-727587.0000 -772578.5000
-621056.6250 -553853.8125
-176642.8125 -99016.8750
164960.1250 -836546.3750
408018.3750 484227.2500
-844487.5000 -435226.0625
598662.3750 698911.1250
578033.2500 -281396.0000
489967.3750 -995627.4375
-266743.8125 881402.6250
-133406.8125 836667.2500
110306.3750 -168256.6250
-501559.5625 -80829.5000
-851274.6250 288757.6250
-175599.0000 626871.2500
212303.2500 708169.8750
589357.0000 181626.1250
-402291.6250 -677360.7500
-495486.3750 685042.2500
769351.2500 360609.7500
-974447.5625 485573.0000
-445401.5625 460257.8750
96801.1250 136258.5000
-526943.9375 936602.2500
683344.2500 -346243.6250
-243976.7500 967082.5000
253838.1250 -517864.3438
-362115.5625 257966.1250
-500423.3438 -76307.5625
-594339.0000 -615136.2500
386790.2500 944867.3750
58168.2500 784438.5000
132574.2500 -366149.0625
223017.1250 173988.3750
-130131.7500 249055.1250
-318125.1250 876163.6250
-393715.5625 -728767.3750
898008.1250 822924.8750
-848920.6875 821631.0000
288034.3750 189700.0000
-182614.6875 993027.7500
165470.1250 794916.7500
904278.5000 -943362.6250
-347388.5625 208701.8750
-149532.0000 -559537.6875
-604827.6875 815814.5000
51520.8750 660799.1250
951575.1250 -89072.9375
-471015.4375 -876567.5625
-555129.0000 -356313.1875
-493446.0000 -52864.5000
-944306.8750 653005.0000
458794.6250 -965641.7500
-364545.4375 960530.3750
325737.7500 -915194.5000
731169.5000 674643.3750
391183.0000 764585.6250
574971.6250 613945.1250
46564.8125 -451594.7500
380100.1250 614409.5000
655915.3750 342991.3750
-312770.0000 -30125.1250
-406958.5000 -725912.2500
482621.2500 247901.6250
845893.0000 -586491.0000
588784.1250 923935.7500
-613940.0000 -304671.5000
473433.0000 -489053.7812
446738.7500 988662.2500
-609043.8750 338632.2500
606986.8750 -200118.6250
-215476.1250 -371286.6875
-94969.1250 492765.2500
119120.3750 -145051.5625
124786.6250 55936.5000
815359.7500 -710845.7500
283137.2500 -249046.0000
402174.0000 687594.5000
-6793.0625 -661153.5000
824238.8750 -170832.1875
-906345.1875 983583.7500
-822419.3750 -943584.3750
-444868.8125 -402953.8125
-990505.0000 -910155.9375
66180.2500 582142.3750
123360.8750 290838.5000
332.6250 -674718.8750
-901804.4375 -409287.9375
511188.6250 -627327.2500
962039.1250 -453325.2500
-741558.1250 992280.5000
-672634.9375 632434.5000
-550527.8750 -975459.6875
-654849.5000 -721762.0625
-374792.3750 -55237.4375
-854567.3750 864469.8750
-715524.2500 -713792.8125
-720334.2500 183452.1250
796953.3750 -658011.7500
-116232.7500 395066.6250
-566714.5625 475958.5000
592807.2500 -771429.0000
-165737.0000 -686985.5000
-56884.5000 458853.0000
-178203.5625 -58319.6250
535766.0000 932500.5000
-877937.8750 619094.5000
919105.0000 498656.5000
-532770.1250 -601328.7500
651683.2500 -266754.8125
344348.0000 839432.6250
-567253.0000 -544211.7500
342208.7500 179112.3750
777022.8750 -497722.5625
253066.3750 -576887.4375
-515294.6562 -713066.8750
-296566.6875 -557047.5000
-601799.8750 -396061.3125
-51711.4375 -449815.6250
787080.7500 886225.2500
-591672.6250 465723.1250
135634.3750 -242390.9375
-745555.7500 -391785.9375
-907042.1875 -555536.8125
623933.1250 -657546.0000
143177.3750 443157.2500
226542.1250 382592.2500
878501.8750 -506284.3750
-774780.6875 981330.7500
-66232.6250 260839.7500
-16794.1875 828225.3750
340818.0000 -260347.4375
855791.3750 129044.7500
476280.7500 -714673.8750
5593.7500 849884.2500
-765281.8750 13877.2500
-764126.0000 -91792.9375
-503233.9375 -666180.9375
147009.6250 147090.3750
612537.2500 789588.5000
-281935.9375 914245.1250
783677.7500 -497127.1875
-382870.8750 -728647.7500
84650.2500 -910091.9375
102922.1250 717326.2500
-444632.5000 -188638.3125
801529.7500 -937537.8125
121243.7500 -689943.3750
492585.8750 -256054.4375
-342573.3125 890204.0000
-395982.2500 370536.3750
-854847.9375 726194.1250
-442089.7500 570569.2500
-101622.3125 -202540.6875
880496.7500 32895.8125
168183.1250 508369.6250
-946691.5625 653956.8750
-392687.5000 954816.8750
-968637.3125 101090.6250
626224.8750 112966.3750
-581737.7500 960993.5000
-51290.5000 733619.7500
586138.1250 -40067.5000
-842936.3125 -775917.3750
17013.3125 769799.3750
-448508.6875 -56312.7500
573096.0000 -85049.5000
723499.2500 25151.6250
-546164.5625 -148066.0625
-847715.7500 612194.3750
730145.1250 441526.1250
-755244.3125 -451047.5000
-285619.8750 609134.0000
400235.6250 -412661.3750
377863.7500 760301.0000
431485.8750 756258.2500
-428742.4375 -15971.2500
-540197.3750 126105.7500
-913857.4375 903140.6250
-823522.8750 797951.8750
-13716.4375 -949367.1250
197771.5000 -532742.4375
-962273.8125 -54439.3750
-677602.3750 -935721.8750
465263.2500 -463707.6875
461149.5000 -321386.2500
-194580.0625 539168.5000
404086.2500 -307585.8750
604839.0000 -522246.3750
-995518.7500 -471291.5000
802719.2500 316344.5000
348753.2500 -697545.7500
585383.1250 -505349.8438
-852771.6875 536035.3750
92340.1250 -533700.7500
670289.7500 -39467.4375
525026.7500 -440499.5000
78143.1250 126380.6250
-213230.1250 -648076.0000
-876726.0000 240799.8750
-985688.3125 866485.0000
-993144.3125 -463318.4375
-386347.0625 223455.2500
-26861.5000 665435.3750
176103.0000 538714.6250
-287306.5625 -237299.1875
-619069.6250 -761148.2500
877613.7500 -703226.1875
-278211.2500 55317.5000
86570.3750 104247.5000
-715244.7500 987998.1250
-430769.0625 882106.7500
907455.2500 64431.8750
658789.5000 -400746.1875
12434.0000 275838.1250
689200.1250 977371.8750
-313769.5000 -612739.5625
-275464.0625 475975.7500
-310732.5000 275819.0000
234236.1250 -480976.0938
661463.2500 806013.1250
-841756.7500 -786746.1250
182077.6250 593930.0000
666452.3750 179964.6250
440391.6250 -934822.3750
-379591.0625 -338334.0000
-918289.6250 213546.8750
667401.3750 306459.6250
-390465.7500 -984494.0000
-403127.8750 -557172.8125
-841532.5000 629806.5000
-746867.7500 363375.5000
164091.2500 -606285.2500
629139.5000 -119198.6250
-50546.8750 -51648.1250
959953.8750 458675.5000
-747654.0000 -53950.6250
713416.1250 179015.5000
-780211.1250 383960.2500
866685.1250 992257.2500
747357.2500 376911.2500
-747363.7500 833536.7500
479841.2500 -942792.8750
764317.0000 692495.1250
565441.8750 -123129.3125
483110.6250 -619713.0000
-795938.0625 -358112.4375
-256616.0000 669110.6250
-370047.0000 -945342.4375
-244652.0625 620917.2500
777972.5000 133681.0000
104391.7500 -616165.6250
548543.7500 511962.1250
557989.8750 -625896.5000
-483725.0000 136105.0000
-224988.6875 34020.0625
-395709.7500 614958.2500
111075.7500 -693751.9375
-715687.1250 849960.5000
565890.2500 -553069.2500
-56274.2500 918661.5000
-71569.1250 199436.3750
-330426.4375 -862279.4375
-517029.9375 523084.6250
-177896.0000 277611.8750
-333618.8750 101723.3750
30396.0000 867140.5000
834164.5000 865760.3750
-533655.1250 -196854.5625
93137.3750 857743.3750
625102.3750 -640410.2500
-103114.8750 95311.2500
963504.3750 947519.6250
-663362.8750 -383332.1250
748840.6250 859448.3750
619947.0000 -236769.1875
-157036.8750 -552160.2500
-467349.5000 681117.0000
-424140.5625 -743049.0000
760424.2500 -530567.0000
67163.1250 450411.5000
-122635.8125 810488.3750
21992.4375 860000.1250
-857997.0625 -373109.8750
431883.3750 -356849.4375
816618.5000 662629.6250
715279.0000 905379.6250
-968041.1250 -305882.5625
-332842.1875 133020.0000
430263.0000 -78632.1250
81210.2500 -568924.7500
-990043.6250 899804.2500
863579.3750 336696.8750
-318326.2500 178597.1250
17167.0000 -109477.1875
552421.8750 525528.2500
665116.2500 554689.3750
-830523.0000 609101.5000
135283.1250 -599623.0625
991726.1250 -296484.1250
997126.6250 -58130.7500
238297.6250 706981.5000
511159.5000 -932081.1875
-45115.1875 -942348.1250
963598.7500 -250671.5000
-118433.5000 -795627.9375
-733496.6250 -511259.1875
-5759.5000 121615.6250
412615.2500 -799047.2500
941678.3750 825783.3750
-502404.6250 789403.1250
266198.5000 85337.3750
226584.2500 -1533.5000
-422391.8750 201438.5000
39348.8125 859406.1250
-24931.3750 -663415.5625
361822.7500 978780.3750
750012.1250 -844960.4375
639484.7500 -545092.0000
763091.5000 -180355.6250
-265323.3125 -721381.8750
-633699.1250 710380.5000
-354271.6875 -581326.5000
979599.3750 -244482.6875
-341645.1875 126950.6250
-271963.1250 -30836.6875
301986.8750 -884613.4375
46752.1250 -507285.8750
-338538.1875 -236588.2500
205695.8750 189219.1250
-332477.4375 -870014.4375
242791.1250 51778.5000
-353153.8750 591161.2500
178525.6250 542403.7500
954031.7500 478666.8750
496450.0000 411881.6250
-99759.4375 -165175.1875
955742.2500 -656931.2500
-114043.8750 -839656.9375
-825867.4375 -736052.0000
-206384.1250 -353555.4375
-569136.3750 -697719.3750
-235680.1250 524172.2500
603638.3750 924650.6250
542166.1250 -649221.0000
-50105.5000 185872.0000
212480.3750 -123507.3125
930082.7500 -840784.7500
-207700.5625 -98899.7500
-159292.7500 -822880.8750
924072.0000 767116.2500
545970.5000 878952.0000
629849.8750 126651.3750
-736316.0000 -112021.0000
-910188.3750 736424.6250
-495522.5625 463824.8750
286340.6250 -248093.8125
-947108.0000 526034.0000
-215077.3750 -44399.0625
714582.0000 -805812.1875
798381.5000 -20658.1250
555590.2500 396177.5000
875554.7500 -193676.6875
291601.2500 -549991.5625
