400
-822201.8750 -554936.7500
485164.5000 -746802.8125
-912175.9375 160950.1250
601746.8750 -940762.6875
-793236.3750 -440339.9375
-735785.4375 75639.0000
611738.1250 -345771.9375
-850801.6250 -518168.0625
644957.1250 577178.8750
-472284.0625 -203752.7500
-786640.2500 321009.8750
816233.0000 937396.0000
197154.5000 428761.6250
619087.2500 -423001.1875
620022.1250 998906.3750
80195.2500 713755.0000
191489.1250 -158018.0000
224248.0000 357602.5000
-871622.3125 936105.7500
643081.5000 644055.6250
-524453.8125 271522.2500
60870.2500 -495266.1875
148274.8750 -953641.4375
-386497.0000 56025.0000
548537.0000 144139.2500
201503.2500 -738251.8125
-865018.8750 666099.5000
396932.3750 -372440.2500
-177585.1250 -757552.0625
-340138.3750 -672954.1250
542875.5000 -705864.0000
248671.5000 108422.0000
-432249.7500 -576571.1875
-586730.3750 -821121.3750
82411.7500 822638.2500
173911.5000 -905564.6875
475785.7500 928927.0000
-923149.9375 529843.3750
369773.2500 619168.7500
541990.6250 778993.3750
-648712.8750 -762697.0000
692578.5000 -917433.6250
494552.0000 168054.7500
867948.7500 -63969.3125
161547.2500 -385187.0000
-155271.8125 -873573.8125
-427526.5000 346734.8750
-858588.6875 562571.6250
987425.3750 -300173.3125
410511.0000 -343165.9375
-741359.0000 -542080.1250
197824.8750 -20336.8750
-310206.0625 842368.6250
-876285.5625 366937.7500
560506.1250 268492.8750
211326.0000 427096.5000
394980.0000 -244279.4375
-712671.2500 428469.5000
153840.1250 134833.8750
290235.1250 -409455.0000
922480.8750 -18032.8125
-332934.0000 135042.8750
496947.1250 377491.3750
4286.1875 191587.1250
-192893.8125 37948.8750
-63658.3750 33434.6250
552863.1250 93803.3750
827114.6250 -30295.3125
650466.5000 -684438.0000
826777.8750 391790.7500
579075.8750 -345297.8750
434456.8750 528615.1250
85849.6250 -84721.5000
-488442.3750 875439.5000
-893941.6875 749158.5000
533142.6250 -478221.4062
891081.1250 528523.3750
-794897.8750 400381.1250
746805.3750 152123.8750
-186348.4375 -440303.8125
-76681.1250 41882.7500
-485604.0625 -779942.0000
-823081.8750 452976.6250
5451.4375 462783.7500
-187187.2500 -377829.9375
-409841.3125 -55834.5000
445260.8750 -202865.1875
-195006.5625 -499446.4062
202309.3750 525150.3750
152425.6250 213372.6250
-315011.0000 -183037.6875
-643153.2500 -390470.8125
-450263.0625 522731.5000
-617494.6250 428118.2500
561561.0000 -232488.7500
-869513.1250 156311.6250
794528.5000 92984.7500
-526616.8750 -358810.4375
616526.8750 -849252.3125
931882.0000 -33978.0000
179621.1250 141142.3750
491341.8750 890967.5000
-120487.1250 -18332.8125
844077.7500 972026.2500
730917.2500 413085.7500
523560.6250 526121.5000
-907773.0625 -515553.5000
71698.5000 -942222.1875
-953696.5000 -962036.8750
501803.8750 -777146.3125
-482059.9062 -182214.6875
651720.0000 19316.4375
986518.1250 -542096.3750
-199227.8750 410769.3750
-627050.8750 -422718.3750
-617591.3750 -843970.8125
-575524.7500 142287.3750
-155908.3750 -844895.3125
-270104.3750 -351536.2500
426278.2500 356186.5000
289755.7500 459111.7500
928058.3750 -75389.5625
935149.0000 -122631.3125
949193.8750 -952165.8125
-725835.7500 -899430.3750
385034.5000 877990.3750
-490531.5625 -724370.2500
81065.5000 -363534.1250
-937726.6250 467963.5000
-740012.3750 -371436.8750
-192538.8750 611519.5000
456882.8750 -805.8125
-962976.4375 829121.0000
-467678.1875 -744836.5000
785005.5000 -267103.9375
-427590.7500 -412710.6250
980513.8750 -517702.1250
-490284.0938 -502795.8750
-525977.8750 -204945.9375
-438228.3125 -110456.2500
537398.1250 696765.3750
647957.5000 50612.7500
-864701.6875 220213.8750
42820.1250 959007.7500
-369316.7500 -322387.6250
160935.2500 893446.7500
49841.6250 839415.1250
4472.8750 -311179.5625
311065.0000 -825351.8750
488114.7500 68095.8750
329314.7500 -256183.1875
301529.3750 793258.8750
477459.1250 -195128.3750
-363126.5625 655419.6250
596965.7500 931909.1250
856142.7500 -796521.9375
-588891.5000 -807674.6875
944563.7500 500443.0000
-5645.5625 -717082.5000
454118.6250 -885437.3750
568134.7500 371902.7500
770326.0000 641088.2500
120390.5000 870358.8750
117185.0000 -595935.1875
-964090.3125 -472598.5625
-803050.2500 534253.3750
-90059.3125 -865954.0625
629936.8750 372382.2500
211823.3750 -651025.6250
61838.5000 115550.7500
-70455.6250 -679364.0000
36226.6250 -147317.4375
-216065.3750 861890.0000
355594.7500 589418.3750
497886.7500 481138.7500
-888327.5625 -16474.6250
-377800.5000 -121400.5000
717085.8750 306343.5000
274453.8750 61776.2500
-933156.5000 747252.1250
-265803.9375 438492.0000
-52609.4375 633661.3750
213384.8750 -206567.8750
-273180.9375 359714.8750
-583076.7500 647552.6250
-124259.3750 229896.7500
839009.1250 -426558.0000
43553.1250 -772889.6250
-581657.7500 -2414.5625
-230095.8125 78644.0000
-719489.7500 779394.3750
-955092.3125 -464030.1250
349525.0000 -236547.3125
3201.9375 465401.5000
431966.8750 -185016.2500
217270.2500 67603.8750
669661.6250 -338390.5625
147170.1250 -996956.8125
103400.6250 -511566.4062
629556.5000 -146449.1250
669491.0000 957022.1250
-673906.0000 136807.6250
-417113.5000 -337503.2500
-355334.0000 -426272.1250
-598038.1250 -98684.9375
616199.3750 772690.8750
763776.7500 463661.7500
369771.7500 796951.8750
359557.0000 753636.0000
-675140.3125 -923940.9375
-735185.1250 916717.1250
972869.3750 -256501.9375
462966.0000 -984324.1875
-747498.1250 -931918.1250
-168909.9375 798704.7500
-656152.8750 -868962.6875
199288.0000 38567.1875
418575.7500 -566881.7500
-733077.1250 -997723.1875
644398.1250 -826403.0000
948585.5000 398937.8750
992356.0000 876122.6250
-733811.5625 529021.6250
-961142.4375 829002.1250
426301.6250 79397.1250
916087.2500 850414.5000
517354.2500 679509.5000
456546.8750 -826295.1875
827307.8750 -815444.3125
49575.5000 562268.6250
164805.1250 -785139.2500
45850.6250 -118995.3125
31331.8750 611294.7500
-43812.4375 594868.5000
-761820.9375 -355730.5000
-930466.2500 75270.3750
420746.2500 -346616.2500
422045.3750 -518687.3438
172598.8750 -684228.4375
912346.5000 868740.0000
-50002.5625 -191827.8125
111270.2500 -392924.8750
564554.0000 119269.6250
485498.6250 458171.3750
-235369.3750 -223254.3125
86608.2500 146967.7500
932995.0000 -374669.3125
-715926.0000 845914.5000
-370165.3750 -568356.6250
-671857.0000 630530.6250
-206278.0000 99351.0000
842043.1250 -914449.8125
-968520.8125 219255.7500
-669920.0000 70764.0000
583363.3750 654761.8750
-534993.8125 589127.3750
-689478.3750 358857.0000
323754.8750 -62811.6875
100151.6250 -651508.3125
-96771.7500 -751121.3750
-804740.3750 -443196.6250
455572.7500 728176.1250
306919.7500 810633.0000
93372.1250 398649.0000
-858952.7500 -695356.6250
586184.0000 -418719.2500
158475.0000 -5583.4375
32198.3125 -509547.6875
-733716.7500 -842668.7500
-130552.0625 422435.2500
675860.8750 -188214.6875
568505.2500 -805582.8750
15979.3125 869281.6250
60774.6250 563340.2500
961828.1250 -559471.5625
862134.6250 -555193.5000
64767.8750 -103167.5000
-618833.1250 553304.1250
977206.2500 -729042.8125
-493121.2812 -95703.7500
247632.6250 110801.8750
714792.7500 -38155.8750
-986367.6875 -478787.7812
-575306.9375 118368.8750
169082.7500 816217.5000
592408.3750 -226656.0000
-218030.9375 607710.0000
-226611.0000 -445780.1875
787236.3750 -651110.3750
-241328.6875 -918798.1875
-494078.3438 -10977.1875
787004.8750 25750.3750
-465041.3750 -809333.3125
-226558.2500 49727.6250
861726.0000 235429.3750
-188984.9375 -970321.2500
326712.1250 -269392.1250
-133327.1875 -948303.3125
-192560.8125 -829665.7500
-817595.8750 -368942.5625
-947881.8750 665975.6250
130115.2500 949850.1250
346453.3750 848238.6250
-512030.0000 842951.6250
673204.5000 311577.0000
-693219.1250 549253.7500
-563672.0000 -933335.1250
-545511.3125 364815.5000
412229.7500 -408614.7500
233113.3750 345346.2500
-736540.6875 -63112.8125
366980.0000 960812.0000
590534.6250 -166919.1250
-442246.1875 -884300.7500
-221549.0625 -831809.5000
-631322.9375 424904.5000
829536.2500 -645039.0000
451676.5000 15139.5625
-471078.8125 -672723.8750
-898833.5000 578158.0000
125693.2500 -695060.0000
638311.2500 524700.2500
-256948.1875 98039.1250
936443.7500 -527938.5625
-135653.8125 810963.5000
-123390.4375 66631.5000
-171338.7500 176820.8750
497711.7500 309900.5000
-256704.3750 -958782.4375
-977596.8750 -431069.0625
-551095.8750 -471027.0000
441876.7500 -267600.3125
-857999.6875 622070.6250
187949.8750 -400536.1875
631582.0000 873721.1250
485100.8750 998660.3750
-390890.6875 -908930.2500
211412.6250 300482.6250
-951925.8125 -787228.6250
-900310.7500 982513.2500
223477.1250 476957.5000
-107696.0625 -19165.1250
568304.0000 -47565.3750
451886.5000 -516186.5938
855908.2500 857907.7500
-651320.2500 -748893.3750
993829.5000 -738918.6250
89384.8750 -708033.0000
402268.6250 292640.1250
50211.1250 929258.7500
34847.3750 -102098.2500
227827.0000 -320567.1250
634424.7500 -913034.1875
367901.1250 778269.0000
649295.7500 -685985.0625
-466095.2500 712056.5000
-440951.1875 336619.2500
364149.0000 933918.2500
242966.1250 251933.3750
967612.7500 -467485.7500
823005.7500 668222.8750
-490807.2812 258434.5000
-492468.2500 -998184.8125
-207449.5625 -914155.2500
-866808.9375 -605156.6250
983967.1250 -457488.8750
278993.0000 -463599.7500
972146.8750 -965135.2500
481621.2500 872641.2500
805715.5000 608008.8750
829706.0000 -339571.0625
76931.2500 868571.2500
-302180.5625 982905.7500
-131171.8125 -749219.4375
770545.6250 -604345.1875
190628.1250 559897.1250
796976.7500 -112524.7500
-348634.7500 789531.2500
317234.6250 495407.7500
573716.6250 -237129.0000
-26277.3750 455761.0000
334456.6250 356300.0000
-554218.6250 -786610.0000
-960719.1875 -752124.7500
-928793.3750 -807575.9375
923086.5000 -230087.2500
449685.3750 314300.5000
-630068.3750 -138670.1875
204555.1250 440185.8750
-303005.1250 -40596.3750
-834253.5000 -606463.6250
185364.0000 701861.5000
558662.6250 -586389.1250
-208874.7500 -557280.2500
-635101.2500 -557900.5625
-486.9375 -146962.5625
-252029.5000 -183509.9375
-713393.5000 140137.2500
49122.2500 -4757.0000
-350493.1875 -403186.1875
