700
-641892.8750 823547.2500
776299.3750 -293759.9375
356180.3750 -735981.6875
-112151.6875 324739.0000
-602201.1250 -933694.4375
-899114.7500 805920.2500
-543002.5000 578298.1250
394937.7500 -242375.5000
-30020.7500 -281789.1250
737067.8750 -559365.9375
-693842.5000 -101784.5625
591695.5000 588956.5000
417373.5000 627620.5000
422349.3750 796955.0000
516111.6250 424496.6250
455160.6250 287645.3750
-689453.3750 -115469.1250
486123.7500 356666.1250
829922.5000 282550.7500
-322302.9375 507269.5000
986354.3750 -945856.6875
125409.3750 -343063.8750
-14370.2500 -245017.8125
-910647.8750 479269.8750
12009.6250 741358.5000
-806431.4375 -154031.4375
768721.6250 306465.6250
-323964.6250 -96288.6875
801527.6250 -872564.9375
198069.0000 -724567.2500
-575597.7500 946000.1250
981986.3750 -72054.3750
306510.3750 245154.1250
63780.3750 -481105.2812
-340119.7500 -42621.5625
951360.7500 -393231.9375
-513158.5938 -481377.5938
111407.2500 -656505.5000
-656750.3750 423118.0000
-675167.0000 -3134.1250
780310.0000 468422.6250
-506687.1875 670642.7500
480773.1250 108316.7500
-118480.3750 352465.1250
622010.6250 700578.5000
-825944.9375 132038.7500
-91203.0625 343541.8750
-808498.5000 -849337.1250
314816.7500 -434443.1250
-78967.0000 -874878.2500
607621.3750 802321.0000
-410061.8750 294019.7500
785808.3750 89533.3750
560697.1250 -919940.4375
229051.8750 -363763.3750
212374.1250 -326756.0000
-249990.8750 -627967.5000
-799925.8125 403355.7500
-365327.5000 -352612.9375
-549483.6875 -59174.6875
-315589.1250 827493.5000
-176377.2500 -106751.7500
583956.6250 -372667.1250
-68137.2500 558215.7500
-407136.6250 817373.2500
594034.3750 -745606.3750
-243066.3750 -66177.3750
889605.5000 783298.0000
420505.0000 -399927.3750
-212335.4375 -571322.1875
878586.5000 -720956.8750
-95599.5625 403397.6250
-419961.8750 -740906.7500
-694720.0000 -299202.3750
-582397.5625 -159492.0000
424369.6250 -355421.8750
-530081.8125 379810.2500
-172779.1875 915203.6250
819247.6250 99888.1250
11704.9375 -906407.3750
865007.6250 724392.5000
122390.8750 183621.2500
784502.2500 -976451.1875
-269190.9375 -869415.6875
-833034.6875 -292546.7500
-649479.0625 -813509.2500
992857.2500 205449.7500
499991.7500 951181.0000
370723.8750 -638045.4375
99648.1250 755524.5000
888392.0000 785082.8750
-155308.5000 -796463.1250
-80645.0000 -269654.3125
774321.3750 598606.2500
199828.5000 17742.6250
383139.8750 516950.2500
715542.5000 -568411.0625
3193.5000 123044.1250
859513.0000 -326360.4375
995887.7500 -164515.0000
266756.5000 -114698.2500
-149616.5000 -622725.6250
-450300.1250 -604655.8125
-30123.0000 -193968.6250
297174.8750 -277128.7500
940602.3750 619678.7500
553643.6250 704620.3750
473856.5000 -912924.7500
286776.6250 104616.2500
933104.6250 -145479.0625
430053.6250 689619.1250
593312.6250 -88975.2500
857421.3750 -194748.7500
28263.0000 681860.5000
55697.3750 -984348.4375
-937254.5000 104662.5000
-310410.3750 -436860.2500
-763891.4375 932899.1250
972921.0000 -723569.1875
-262532.6875 -115800.7500
-507758.0938 -386892.8750
607833.6250 110109.3750
-323063.1250 -139722.9375
808722.1250 277908.6250
131049.6250 192665.6250
-127683.3750 550596.3750
-406346.7500 25084.3750
-752897.9375 530686.5000
742822.5000 44549.4375
-818830.0625 617551.1250
-701576.5000 -77033.4375
-179534.6250 603904.3750
919009.5000 562201.3750
442382.2500 -207863.2500
621803.0000 -882452.4375
154252.0000 643074.5000
-485413.9688 513328.6250
62073.2500 -352706.5000
-860504.2500 -736173.0625
-433205.8125 -495414.6250
866619.1250 -889815.7500
-518646.5938 -733415.7500
558420.2500 -893523.0000
740076.8750 -630764.5000
226934.8750 472792.7500
-315705.3125 95774.6250
882405.3750 -59446.5000
458741.3750 588234.5000
-823044.5000 66946.8750
-511724.7500 -908461.4375
847111.2500 -557455.3750
333270.0000 -601515.2500
-921115.3125 -732487.7500
-837132.4375 815205.7500
-925191.4375 315051.7500
-393358.8125 307348.5000
739121.1250 817798.5000
-186269.4375 408747.2500
-478585.3750 -630718.1250
-671329.0000 416334.1250
-31325.5000 973045.1250
-465379.4375 -488038.6562
-663878.2500 368378.3750
-276640.3750 197520.2500
82639.1250 505627.6250
135984.2500 914627.0000
-139120.1250 -512413.8438
996962.2500 -191765.5625
457641.6250 -56853.8125
968971.5000 -417982.4375
-168011.8750 -495636.8125
-37975.0000 225380.1250
693522.5000 -245570.6875
491205.7500 31087.7500
-939159.5625 -304571.8750
-32459.8750 -454693.4375
373407.1250 447692.8750
562469.1250 -147167.0625
603464.7500 -581626.5000
161090.1250 430901.5000
-158623.8125 -558943.2500
481326.8750 10024.4375
723784.1250 -340291.3125
697296.0000 639417.8750
941783.3750 -544955.0000
691932.2500 553858.0000
938440.6250 -694773.7500
575141.8750 372141.1250
-371973.9375 410164.1250
552738.7500 234102.0000
396151.3750 -120045.4375
644141.2500 116061.5000
-341400.3750 80660.3750
195566.0000 83548.2500
345540.0000 878107.1250
642678.2500 -508440.3750
274037.2500 -505487.3438
-261364.8750 -255861.3125
-990350.3125 -759861.3750
-922127.6875 -818047.3750
-723916.0625 -199602.8125
-823397.7500 -857191.8750
453033.2500 -846406.0625
405519.6250 128542.0000
-190989.0625 -432212.2500
-370450.4375 46744.2500
315788.2500 -160866.5625
679156.8750 -546160.6250
-599337.1250 589599.6250
-94564.1875 940673.8750
-877129.7500 659553.8750
-352613.0625 80897.7500
4075.8750 -367346.6875
495759.5000 504343.1250
-598221.8125 230463.6250
480235.8750 -313888.2500
-592551.3750 -674516.1250
807949.2500 988326.7500
334789.1250 -796195.9375
-728827.2500 800932.3750
797166.0000 600392.6250
354775.2500 -31632.3750
241318.0000 709123.6250
-773572.5000 -168309.2500
455773.0000 567528.7500
548000.8750 177458.6250
793624.2500 252204.0000
-806586.2500 442505.7500
-601266.3750 -295269.9375
-304620.1250 515243.3750
-238701.7500 249167.6250
-157488.9375 139575.3750
-404381.1875 -916784.9375
358587.1250 -434678.5000
-569336.5625 773215.3750
769109.6250 -839366.3750
536441.6250 425330.8750
452658.0000 -24843.6250
260526.0000 -178838.5625
-753408.0000 660156.2500
-644140.8750 -528627.6250
-263641.8750 -75698.4375
588617.6250 970226.0000
474584.1250 896321.3750
-242447.8750 334727.0000
321258.7500 -820591.3750
-428655.1875 -603821.5000
909068.3750 -408109.1875
752050.2500 712724.0000
-395433.8750 -291687.7500
-798623.6250 -57285.5625
960866.5000 -467486.1250
-508781.9375 -717350.4375
263834.0000 902020.7500
955072.5000 258996.6250
239048.6250 -95541.1875
554400.3750 -310432.9375
691838.8750 -194401.6250
195063.6250 -264759.0000
441377.7500 433298.1250
-22669.7500 236804.7500
932805.5000 990000.1250
-868160.1250 -337649.1250
681071.6250 832312.8750
424083.6250 770299.5000
-722617.3750 -427364.9375
73989.7500 969362.3750
-43852.3750 -454813.1250
294392.3750 973064.3750
316919.6250 -148371.6875
43008.3125 469568.8750
-373802.7500 840936.8750
-959542.8125 -502585.8125
725445.2500 963570.2500
976654.3750 558158.8750
-36710.5625 630330.5000
352708.1250 -994207.6250
-38475.3125 -34868.6875
763273.1250 -655395.7500
-8052.5625 332123.0000
467171.5000 660466.8750
-113970.6875 -247046.6875
122073.8750 494801.0000
-300136.5000 -304533.8125
-857902.6250 -394291.5000
818341.7500 -769035.6250
-244617.0000 -129603.4375
-844998.7500 722505.7500
-894282.8750 105855.0000
161886.3750 -212163.8750
-376171.8125 822849.0000
70994.0000 -319505.5000
585180.1250 -803677.9375
671597.8750 -876261.5625
634821.5000 -454177.7500
465050.7500 -554979.1875
-491527.7500 106831.0000
-24487.0625 893435.8750
248548.2500 446138.3750
-316915.9375 -650105.1250
-269982.4375 -406394.3750
597667.6250 405223.8750
398094.8750 999726.1250
-929450.6875 780571.8750
-135598.3750 722429.0000
765665.8750 998439.1250
713368.0000 546481.3750
-221564.0625 -422813.2500
-623514.1250 173224.1250
-441406.1875 599009.8750
-837837.3750 -713681.0625
597356.1250 466507.7500
-752981.1875 -235660.9375
734000.2500 645132.1250
868380.8750 341100.1250
-355765.4375 878779.2500
-621828.3750 650168.2500
351672.0000 930466.5000
639725.5000 552665.0000
851863.8750 -134060.0625
-477917.8438 -724964.5000
-982694.0000 -365739.4375
135266.8750 -138386.6875
684343.8750 -568293.8750
78044.8750 -230970.5625
-214243.5625 -299173.8125
-460457.3125 -791602.3750
70608.8750 -906522.8750
-367003.1250 722177.2500
-807832.1250 -222098.4375
778788.7500 766155.7500
636233.5000 -896493.3750
981706.2500 -824598.0000
-674621.8750 -462109.5000
-561866.5000 -369403.3750
29753.0000 709230.1250
-378976.3750 57810.5000
-771737.0000 543775.1250
901430.6250 -583036.7500
-467492.3750 344114.5000
787149.2500 854928.7500
613835.1250 -382423.1875
427450.3750 726508.5000
791651.2500 159147.5000
-313472.3125 -717100.8750
985586.0000 -529720.6250
-232847.1250 744913.8750
411481.1250 538371.6250
34156.1875 -236685.0625
213473.1250 63081.6250
-493083.5938 -157344.7500
443920.1250 744002.1250
262366.0000 966041.6250
125561.3750 -412677.6875
-346524.0000 310088.2500
432521.7500 -28771.8125
493406.8750 -607574.6250
873143.3750 690002.5000
-302769.0000 921264.7500
-383310.0625 -639042.2500
-303260.0000 -292158.2500
-461012.0625 -890727.7500
682047.2500 -229982.6250
-765362.0000 -830889.8750
-258994.5000 561179.2500
-612039.8125 -920605.2500
205613.8750 -553209.6250
490658.1250 -247486.6875
-15027.8750 492651.0000
-45784.4375 -573692.2500
-727102.1250 501771.5000
-734425.3750 -405946.0000
-862699.5000 512235.1250
-929500.6875 610047.6250
-397085.5000 -118545.6250
974390.1250 184148.0000
672960.3750 575752.5000
-950850.3750 444996.1250
886045.5000 -942768.7500
191749.6250 -233224.7500
250598.0000 736017.8750
192781.5000 -200024.2500
46117.6875 78422.3750
268209.8750 -900204.1875
393347.0000 -196799.3125
521130.1250 982597.8750
773304.8750 633115.5000
143497.2500 935095.1250
905590.0000 -242226.1250
-376292.5000 251420.5000
-729773.8125 -348945.6875
936771.3750 691434.3750
802909.5000 316939.6250
-417180.1875 500480.8750
-880409.9375 452616.1250
687864.1250 950121.2500
-849323.6875 931466.1250
750814.8750 -583521.6875
-518186.0000 945408.6250
-996908.8750 848039.7500
939170.8750 952159.1250
771520.0000 644420.2500
223091.0000 936527.8750
-553874.1250 -509463.5625
435001.6250 -962787.2500
664093.2500 -927431.1875
-149684.5625 -583694.2500
-384223.3750 251896.0000
268302.6250 357248.1250
-77865.9375 -636049.1250
-552261.5000 -692839.4375
52160.7500 141134.7500
703064.5000 666549.7500
-767715.6875 405618.6250
675458.0000 -997282.3750
-290348.2500 422306.7500
808726.6250 117618.2500
-9399.8750 269411.0000
-604489.7500 16385.8125
707434.3750 340614.5000
194515.7500 -149807.0000
341360.1250 -774894.8750
578114.3750 -761077.0625
312539.3750 369150.5000
60561.2500 848697.5000
407423.5000 -146938.3125
-102636.6875 -433991.9375
-884979.6250 985013.1250
14519.3125 148034.5000
578179.0000 25857.0000
391417.5000 -544987.7500
-985535.1250 553520.2500
-319228.6250 110649.2500
303640.5000 724240.1250
146174.7500 -714455.5000
-80354.5000 760273.7500
-748917.9375 -518162.0000
-884958.4375 936104.8750
-908387.5000 503664.6250
-359826.3750 731697.5000
-103155.8125 398280.2500
627199.2500 260881.1250
125962.8750 -660669.6250
583587.2500 -941358.7500
-897122.8125 350871.7500
-503569.3750 56970.1250
-943336.5000 509850.5000
426314.3750 -656724.8125
43662.1875 -933656.0000
674494.0000 -169651.0625
-459502.2500 221785.0000
704846.1250 -854483.0000
226574.3750 350105.7500
862510.5000 37178.7500
-109619.9375 214904.0000
459666.0000 -382194.3125
349145.1250 -393624.7500
-584487.8125 82073.8750
-871332.2500 513305.6250
-836364.2500 -481039.8125
387018.8750 -774178.1875
-203231.3125 627107.5000
760847.2500 290995.5000
993912.3750 -440114.6250
-342796.5625 685170.2500
546852.8750 618465.2500
-149193.8750 956259.3750
-541444.0625 498212.6250
649004.8750 -50178.5000
20482.1875 -174211.9375
687584.5000 243391.8750
699512.0000 233515.7500
-81175.0625 698513.6250
413118.5000 -309727.3125
-478232.8750 -717824.6250
965138.6250 340034.8750
-332973.9375 -914638.7500
-446839.5000 -293713.7500
-748327.8125 -32055.0000
-570631.7500 854134.0000
-859506.4375 -606941.1250
-579278.6250 275446.0000
640213.3750 64535.0000
-322876.4375 65548.6250
678797.0000 -584954.0000
367230.0000 541225.0000
-89517.3125 35575.0625
-915507.8125 -516862.9688
-583103.2500 -939405.1875
640235.0000 -215705.3125
-864902.0000 428817.5000
-616679.6250 -408318.9375
-423177.3750 -534683.3750
95180.8750 -341518.6875
-210049.8125 -294889.6250
647222.6250 -306976.4375
-660682.8125 -128200.1875
-300728.1875 -95930.3125
702331.5000 -338507.6250
126119.3750 86162.1250
-662602.1875 -312528.2500
930289.5000 -355034.7500
573363.1250 -624586.6250
-358128.7500 514169.2500
161903.6250 930217.2500
886541.6250 -886839.6250
-761012.4375 104316.0000
657237.8750 -335773.3750
479405.3750 196732.2500
133103.5000 -633299.6250
-304043.8125 -928916.7500
-73659.8125 -64620.3125
674484.5000 -673.8125
-194932.4375 61391.3750
-870957.4375 -229956.0000
877009.8750 -181657.8750
209003.1250 -95186.0000
294170.6250 714362.7500
-459463.1875 126229.5000
-171688.0000 -197428.0000
-260250.0625 439325.2500
-637960.5000 -22171.6250
-701180.0000 -201386.3750
-332948.1875 -731738.7500
-568754.2500 139788.8750
-117520.5625 946741.3750
-421301.0000 831414.2500
-542839.1250 -805649.0000
60227.5000 503365.2500
-886937.8125 244607.2500
626325.6250 -763930.1250
772505.8750 655011.1250
769764.2500 -494391.0312
302018.8750 -571529.6250
-574970.1250 31262.2500
294339.7500 476842.6250
-774774.5625 968360.0000
-293580.3125 364116.5000
330346.7500 -203942.9375
-273759.1875 136117.5000
-845404.8750 929800.3750
683735.5000 -719302.4375
224039.5000 -456701.1875
-551711.3125 -567415.5000
-840374.7500 -612056.8750
-917968.6875 -178908.6250
197175.8750 -299982.3125
-734750.3750 -65492.6250
-241951.5000 -949975.7500
135826.7500 -478840.0000
731755.6250 840050.7500
995734.6250 617421.0000
68253.7500 -688994.6250
-102909.5625 -858933.9375
180377.7500 399011.1250
-285983.6250 -391401.5000
-498315.2812 -526714.9375
-608996.3750 815338.2500
887616.1250 597185.0000
308063.3750 165306.6250
153178.8750 -377690.6875
783286.6250 478180.7500
-971132.2500 697984.7500
-161152.2500 179796.5000
282325.1250 -485376.1875
-920330.1250 -961796.8750
238229.0000 11199.9375
310343.8750 -84827.1250
-623046.1875 -50254.2500
465044.5000 462930.1250
-102581.0000 2849.8125
349860.2500 -78874.8750
-843201.3750 100622.1250
286455.7500 315123.7500
-599797.8750 461557.7500
-368251.6875 -803377.6250
-926965.6250 794137.7500
-526219.3750 489288.6250
-413700.3125 -168287.8125
699698.2500 938103.2500
251111.6250 -172175.2500
-833.0000 433509.8750
600746.8750 -83.2500
-408739.2500 753471.2500
-856075.2500 318863.7500
34200.9375 -56046.0625
633489.7500 813865.2500
-185928.1875 -938786.5625
-801335.3750 -894912.9375
-245344.6875 -43924.8750
-784931.0000 491534.2500
-733951.5000 -335618.1250
935084.6250 476880.7500
632953.5000 -32924.7500
-639853.3750 50417.1250
-126923.8750 -15358.3125
-277013.3125 790487.5000
469679.2500 237191.1250
-183378.2500 -100921.2500
-871899.3750 -38012.2500
448363.1250 -12587.1250
-601047.5000 -361551.8125
658760.2500 195077.0000
-285073.4375 -218021.3750
948575.5000 770330.7500
923654.7500 709045.2500
3172.1875 -133396.6250
698147.8750 -685982.1250
22325.8750 -229069.8750
-907855.2500 -769257.3125
16643.3750 -322840.6875
411131.3750 -274504.0000
787580.5000 -114429.2500
-291303.7500 865217.5000
-783281.3750 57548.3750
821987.1250 -609578.0000
-926957.5625 -862076.9375
-919356.3750 624090.0000
-623828.1250 377781.6250
52723.5000 -678999.6250
-983005.0000 124294.3750
-850393.3125 634803.8750
-971660.5625 -560300.5625
-938707.5625 -699407.3125
700054.7500 -857934.1875
627760.1250 -179054.6875
-75811.2500 765033.8750
787269.5000 -160362.5625
-963150.1875 -361216.3750
-424079.5625 334597.2500
315275.6250 494812.6250
572847.2500 837304.2500
-965879.8750 -157134.8750
161737.6250 457438.1250
866457.5000 324797.1250
287286.1250 551335.0000
316251.2500 418415.8750
-84191.0000 -765043.3750
-382476.4375 -998178.3125
-930251.4375 -282080.6875
643945.7500 -736202.5000
149003.5000 794915.7500
-889319.3750 301131.1250
710344.0000 -791175.6875
868595.5000 750334.2500
155534.3750 484450.2500
-836850.1875 66946.1250
600486.8750 -941119.7500
-954295.5625 383711.8750
-653433.1250 -845519.9375
800024.7500 -249848.3125
665202.8750 16937.2500
-748062.0000 64571.3750
-699683.0625 -677854.4375
831607.6250 426657.5000
-531477.3750 829146.7500
-923844.2500 -540425.0625
373873.0000 949269.5000
-669720.3750 -316931.6250
-691446.6875 9597.6875
-486743.8125 855328.8750
-82585.3125 -702688.3125
-884441.7500 -11714.4375
-312460.1250 -812775.1875
-113553.8750 482411.2500
807014.1250 -499862.7188
681047.3750 -514269.0000
196024.5000 363312.7500
553222.2500 584670.2500
-241617.7500 7482.5000
-366858.9375 -868945.5000
394417.6250 201368.1250
-373260.5625 976594.6250
224116.6250 609640.2500
156743.3750 728991.2500
719377.7500 387143.3750
795409.7500 582899.7500
-577933.7500 452515.1250
-595309.3750 666948.5000
-997583.9375 635152.2500
867647.1250 -393117.8750
-550019.1250 546049.2500
169487.7500 -171704.0625
217529.7500 579890.3750
-950197.8750 22791.0000
-736016.5625 23993.8750
-641691.6250 -230656.3750
562113.6250 -910420.5625
808211.0000 -555196.7500
-55902.0625 -398527.7500
614901.1250 453895.1250
839800.5000 642163.3750
-845357.5000 526397.0000
-81681.2500 76748.8750
-636442.0000 -816959.3750
662966.8750 -680629.3125
-794563.2500 484036.6250
435249.0000 -224285.4375
114044.3750 -769672.5000
-267100.1875 743721.8750
