900
-687978.2500 81115.7500
151351.2500 -850351.0000
492539.8750 -240584.7500
-333036.3125 117788.2500
-412102.3125 658867.6250
-812783.3750 -203535.0000
-316456.3750 -450783.3750
-682294.3750 -682018.3750
-398928.1875 678860.1250
108306.7500 -785499.6250
822427.3750 311347.8750
-157477.4375 537504.7500
103573.1250 -723144.8750
280151.1250 752203.2500
918851.6250 500203.3750
-760065.6250 -861472.0000
708073.0000 -422995.8750
-147464.3750 583557.6250
-356315.3750 -434245.0625
-911224.5000 -592069.4375
-175617.6250 -950566.7500
-453001.2500 394332.5000
719066.8750 408206.1250
-665663.3750 -643581.0000
-970632.8125 195932.0000
-415776.0000 574735.7500
429032.6250 52265.6250
-787033.6875 749878.7500
-880951.6250 324693.2500
775789.0000 -153699.2500
309619.7500 686161.0000
170257.6250 -220493.2500
-249600.4375 -481242.9062
-206096.7500 965656.7500
-650811.5000 131573.1250
-337176.1875 -189345.9375
245398.8750 -920435.1875
731168.6250 419392.6250
-59893.6875 750279.1250
162530.5000 -632583.8750
-210827.8125 -350104.7500
-584602.2500 616851.1250
37301.6875 589161.5000
194101.7500 928077.2500
395223.3750 269435.0000
190667.7500 520032.7500
773608.6250 552434.8750
401174.0000 40126.1875
-34458.1875 530967.2500
-364479.3750 861643.1250
-779066.6250 195586.5000
27093.0625 226811.8750
830580.2500 -646942.8750
486507.2500 -437764.8125
-860100.1250 728692.7500
106955.0000 297263.5000
-593581.6875 -407365.6250
976269.6250 -327186.5000
181214.1250 163871.0000
-732292.3125 -335618.0000
-876587.0625 362891.8750
-420392.1250 -799096.8125
-666394.7500 469764.6250
-116085.8125 -96038.3125
-974572.8750 945381.3750
634332.6250 353461.8750
-849511.6250 -771633.8125
-588230.0000 258428.7500
-267518.9375 -380571.6875
-94020.8750 -190997.4375
-478191.5625 -209108.0000
-897692.6875 -965484.5000
445132.3750 479231.6250
-884481.5000 -660134.7500
991188.1250 519009.3750
338182.5000 900002.2500
71685.3750 -166593.0000
-788478.8750 816398.6250
116569.1250 36182.3125
783375.1250 -822705.8125
-8414.5625 186231.3750
-169365.9375 576654.3750
-876721.1250 -533044.3750
636500.1250 948333.2500
-430064.6875 -342858.9375
-511176.4062 -96775.8125
-459652.5000 658031.8750
-805591.2500 620526.7500
-230887.5000 427427.1250
936062.2500 -525558.6250
482235.6250 398553.1250
229420.1250 935576.2500
-877309.6875 -134876.9375
-446218.8750 -943681.0000
74092.7500 399837.8750
-471388.8125 -722227.1250
-656702.7500 -631918.6250
-936329.3750 797112.1250
-243700.8125 -887382.8750
70114.8750 120668.1250
398072.8750 420324.7500
230129.6250 409962.0000
946054.6250 -211998.2500
172356.5000 338678.7500
-246434.5000 795725.2500
331041.6250 175184.8750
933603.0000 -184153.4375
430871.8750 -933989.9375
-260792.6250 -335947.0000
57446.2500 858574.2500
-296.6250 -500386.7812
-701020.9375 -985702.4375
978609.5000 -58845.8125
-541099.2500 -508153.8125
-300369.0625 -255268.6250
172262.7500 -303077.7500
-486245.8125 -779942.0625
-782718.3125 -333122.0625
318538.0000 853472.8750
-44845.7500 -332483.1875
-112146.6250 277258.7500
998090.6250 -847682.6250
-334164.9375 908411.1250
-181544.7500 -309762.6875
-881823.8750 777956.7500
244905.6250 -814289.0000
-877003.1875 128465.6250
-746347.8125 207369.2500
-3179.6875 132325.6250
-979560.0000 559351.5000
-981460.3750 534956.8750
148220.3750 595356.0000
-47762.3125 -859049.6250
257812.2500 -741342.4375
-944480.5625 -949184.5625
914555.3750 115482.6250
234153.1250 933196.5000
621360.0000 -587456.3750
-580445.5000 -803152.3125
936870.3750 452843.2500
161343.5000 -19863.0625
239655.1250 -301288.8125
574195.0000 -116226.9375
-413424.8125 495602.2500
607378.5000 -430736.7500
962875.7500 209969.8750
470166.5000 -946958.3750
650577.2500 87026.2500
896119.0000 250068.2500
-450900.4375 -928806.5000
-334259.8750 -284068.2500
366493.5000 94863.2500
-876616.0000 -344551.5000
290609.3750 715433.5000
-734077.9375 271628.8750
-154413.7500 352225.0000
-952960.2500 767837.6250
-366002.5625 -402592.1250
-247070.9375 594499.5000
903754.0000 -521990.6250
429488.3750 -605793.4375
387488.5000 412708.2500
-702184.8125 518075.7500
590959.5000 379520.0000
-530635.6250 258075.1250
-276555.1875 -392353.0000
397956.8750 -63164.3125
-514390.8750 459896.7500
927283.6250 632291.7500
987735.8750 857201.6250
-252477.6875 876881.5000
640931.6250 606928.1250
33840.3125 137206.7500
236380.2500 754580.6250
460834.8750 842295.5000
-68819.2500 -748858.7500
-813250.1875 -644422.7500
889331.1250 -296014.1875
-161035.6875 986960.1250
723104.7500 -527594.2500
-672529.2500 -779239.1250
-683392.6250 801173.1250
-323002.0625 220008.1250
674259.1250 -695741.3750
-490649.9375 274618.2500
180011.6250 -353889.4375
-87376.6250 -543945.2500
873475.7500 -538652.1250
-994144.5000 506991.5000
967744.5000 -586959.7500
181777.5000 881786.2500
-639394.8750 -865867.7500
610037.6250 -309358.6250
-184118.8750 902827.1250
63721.6250 -485508.2188
-405855.3750 969095.8750
447301.8750 789102.5000
196628.7500 -197049.0000
-209579.9375 737537.3750
63121.7500 -409825.5000
-496966.2500 888528.8750
-847518.9375 -511623.0000
-928300.7500 -250784.1250
384611.0000 48693.0000
-688865.2500 157750.3750
-289015.4375 241667.8750
-624753.1875 517485.2500
-549521.5000 -226724.0000
920618.2500 192117.6250
771312.7500 830771.2500
601373.6250 -548069.1875
978688.5000 -711907.0000
-515200.7188 817961.7500
295284.2500 -978265.3125
-945287.4375 843163.8750
-290890.1875 553918.6250
-549044.3125 -991524.3125
-732546.1250 212486.8750
-77293.7500 97692.7500
-651987.5000 923623.8750
-605841.4375 46254.1875
-451755.3125 -376893.6250
-39616.9375 -651278.6250
138715.7500 158275.6250
110837.3750 -604027.4375
459806.6250 843485.5000
390356.1250 -29607.3125
357060.6250 714485.3750
-497428.3438 -880496.0625
-317716.5000 -278355.3125
-146218.9375 139576.0000
-332717.2500 497630.0000
-456591.0000 21511.4375
-825089.1875 74443.7500
955934.0000 725825.8750
779433.2500 383101.1250
-957243.6875 -65267.8750
-754719.5625 -394999.3750
-298294.9375 -571565.3750
-525603.8125 556760.5000
916161.2500 177123.5000
714983.3750 -77068.1875
954906.5000 724873.8750
186994.8750 -887833.2500
-639667.3750 822714.3750
433340.6250 -889365.5625
841379.2500 -842932.0000
709964.0000 -938376.2500
604103.8750 365598.0000
295211.5000 -826185.8125
696861.7500 -379800.2500
122195.1250 155061.7500
450581.6250 -265576.8125
509066.6250 926668.0000
941400.7500 -117276.0625
306880.5000 121991.2500
-912976.6875 -260660.0625
-463366.1875 -398909.0000
-973590.6250 203666.6250
-763003.3750 861857.3750
-366741.5625 202631.8750
592267.5000 175319.3750
-554287.1250 239748.1250
-327826.0000 96726.0000
57902.6250 228003.7500
-907793.7500 -831969.3125
953940.0000 709880.0000
-869360.7500 870181.0000
-671946.7500 653616.2500
623545.8750 590505.3750
-316890.3750 -64515.7500
-110053.0000 23555.0625
-998685.0625 339204.0000
-860045.0000 -899319.3125
-817364.8125 -776391.8125
153333.1250 549780.0000
-576518.2500 -931431.9375
-33168.0000 458735.5000
-611743.0000 545569.5000
284043.6250 435787.6250
-396245.8125 -78800.2500
-292111.1875 295811.7500
-943369.5000 487359.8750
606344.2500 788636.1250
426113.0000 828370.7500
-525122.6250 -318232.0000
-244257.2500 263923.1250
888696.6250 767828.2500
227118.7500 324878.1250
806181.6250 -814969.5625
-902921.1875 -504248.4062
904605.6250 603254.8750
-626543.3750 -293962.4375
-793067.3750 -313964.0000
955159.3750 916579.7500
775025.7500 -636236.3750
457998.7500 -142056.3750
-178278.4375 -415313.7500
-689829.1250 -325619.6875
-721245.1250 41130.4375
354066.0000 34173.5000
-751465.5000 788436.2500
-970110.8750 118821.2500
84872.5000 -653532.1875
-172308.7500 452539.3750
917329.2500 7432.4375
-737203.3750 -445810.5000
-903983.6250 -176408.8750
24102.5625 746595.1250
315159.7500 -908293.2500
-510511.9375 891622.0000
-140576.7500 -173864.5000
-405738.6250 -674386.0000
-975344.2500 750938.5000
25197.8750 -610934.4375
289656.8750 -499060.5000
-918300.8125 264121.0000
971259.2500 118579.8750
-745532.6250 -45858.6250
-737354.8750 -167474.0625
332074.3750 -723250.3125
-984527.6875 -826142.9375
-945336.6875 -957157.4375
691054.2500 -273297.3750
-33388.0625 548340.8750
157295.8750 846561.3750
637592.1250 -330062.6250
47683.1250 10712.6250
-838703.5000 -589328.1250
-585549.6250 -90116.3750
768748.2500 667743.6250
471226.0000 352976.2500
-846299.3750 -104649.6250
-668799.0000 245929.1250
974609.3750 -504850.6875
92984.8750 258826.2500
883932.5000 798410.3750
641213.1250 253623.0000
569778.5000 869076.6250
858041.8750 266011.7500
498643.8750 -889361.6250
-387812.3125 708372.2500
119793.0000 38324.5000
-855618.4375 -638951.3750
344421.8750 -378988.2500
638196.3750 697723.5000
-302956.8750 165270.2500
534464.5000 204113.5000
579527.3750 745081.1250
161590.6250 116389.7500
-190148.6875 -146378.8750
-491868.6875 170852.0000
-46831.8750 -836797.0000
381457.7500 897386.8750
335630.1250 -838321.1875
-649731.8750 936951.8750
500046.6250 -44237.5000
-687042.1250 283650.3750
408384.5000 883108.7500
-726152.5625 -282901.5000
384667.6250 -446100.7500
832324.1250 -890531.8125
-598373.0000 871268.0000
-311858.9375 -855376.4375
115508.5000 586786.1250
-684463.7500 -647747.0000
-120178.3750 217402.2500
708302.2500 161879.3750
640998.8750 436760.8750
-384964.6875 -732336.8125
578735.5000 -101470.8750
-636373.5625 807601.7500
508614.6250 469596.5000
98025.3750 287029.1250
428945.2500 -488937.4375
-496246.9375 -716516.7500
-321569.5625 -422105.1875
-731116.5000 -619904.2500
143079.0000 124599.5000
501116.7500 729130.7500
782430.6250 268506.1250
155842.1250 312617.1250
-457236.0000 -761138.6250
-715533.8750 -764842.9375
282724.0000 22745.5000
875144.5000 -257697.6875
-224164.8125 552613.5000
-374810.6875 461809.0000
-391117.9375 556173.6250
138479.0000 481355.2500
39397.9375 -583564.0000
958026.5000 160466.3750
461210.3750 -448952.1250
583556.8750 -437878.0625
728229.3750 -158343.0625
-115752.8125 -647713.2500
696164.2500 542315.5000
772376.0000 432365.7500
-814919.3125 -675005.3750
-632338.1250 -348820.8750
140698.3750 292505.5000
291467.1250 717694.5000
-648213.1875 686580.0000
-160831.3125 -518722.0000
-289377.0000 907461.7500
539573.1250 441514.8750
255160.2500 603811.2500
832149.1250 478421.6250
863830.7500 -68848.5000
-489618.3750 404445.1250
155899.0000 984242.1250
-434920.2500 195368.8750
-331010.6875 295214.3750
598640.3750 703433.0000
-994618.8125 -652882.3750
202805.5000 -557850.7500
616517.8750 551711.5000
873942.3750 -183086.0000
-22692.3750 348543.8750
880923.8750 609560.3750
148927.1250 -312361.0000
-924975.8125 -983097.8125
810196.6250 -68494.6875
-144289.0625 974347.3750
-755856.5000 933375.6250
-594145.1250 319712.3750
-432005.6875 202984.8750
108088.0000 -719931.6875
841842.5000 634785.6250
-395350.5625 847718.5000
522448.3750 -657195.0625
717566.7500 791022.6250
-24103.0000 144819.1250
-911506.5000 901593.8750
-94001.0000 310222.2500
711513.2500 125109.3750
-702459.0000 404194.5000
878225.3750 -228661.9375
-645612.3750 333156.1250
116616.5000 -807275.7500
-505064.6875 -27280.6250
439093.3750 -622452.6250
-471422.6875 -157938.4375
859913.1250 799480.0000
-785713.8750 559244.0000
-66505.9375 507284.6250
-809295.0625 235211.0000
-910203.0625 177847.8750
-408133.8750 217028.1250
-786919.5000 493676.1250
393910.2500 243969.5000
464940.8750 450673.2500
108801.3750 261326.2500
-477495.3750 624830.2500
358656.8750 734953.1250
-690341.8125 -52876.2500
-463002.6875 -574669.0625
-899364.2500 314339.2500
86999.8750 385320.7500
586759.6250 206258.5000
585903.8750 -329232.6875
965005.6250 -712502.8750
-412842.8125 848788.3750
-729639.8750 -649058.6875
409158.5000 943440.7500
-456230.0625 725979.8750
212849.0000 141977.2500
-273589.9375 -647246.6250
829899.3750 -226284.8750
-865926.6250 120255.5000
737330.6250 370960.7500
593645.5000 317046.0000
125380.6250 -601289.6250
525647.8750 -727998.7500
872410.8750 563626.6250
-397297.0000 609603.2500
-905838.8125 628612.7500
-999272.6875 -433331.3125
-547117.6250 -776494.7500
-712557.1875 593995.7500
-660262.0625 51010.8750
353934.7500 975210.0000
13824.5625 581306.2500
188885.1250 350698.5000
966817.7500 592310.7500
-168842.1875 -693768.6250
304359.3750 269429.6250
-387123.0000 -633687.6250
-654017.7500 -375596.6875
213179.7500 -76027.0625
-665729.9375 911604.3750
-823599.0000 -922878.7500
-286735.0000 -228493.2500
-662489.8125 844608.6250
786231.1250 -466187.5625
-969197.9375 186293.2500
127736.5000 690315.2500
88131.3750 866072.8750
-591180.5000 -775069.3750
-736112.0625 29705.7500
428681.0000 164718.7500
442865.7500 841580.5000
44156.4375 -756348.8750
-331072.1250 137899.0000
399832.1250 -329600.7500
-60131.9375 -21780.1875
903965.2500 -636585.7500
547079.6250 944639.0000
-980164.5000 767122.0000
132692.8750 375327.7500
-430233.0625 169665.6250
901608.0000 -927417.0625
960633.3750 -674899.6875
35897.6250 -633900.3750
-21684.4375 -669365.2500
-790541.6250 -449621.6250
-31213.8125 -632833.3750
188484.6250 -610805.7500
-843235.1250 -139039.8750
-726207.7500 -252914.0000
573627.1250 627272.7500
-425995.3750 950531.0000
-928115.8750 295892.8750
-536606.7500 -843847.0000
346015.0000 -749072.0625
-544083.8750 -526717.6875
611079.3750 -417646.7500
-735188.1875 411213.5000
-808852.1875 -308015.0625
-372202.3750 -378554.8750
63137.3750 394125.2500
-456476.3125 -848959.1250
-804794.0000 2094.0000
-599273.0000 -172106.8125
864944.2500 19210.1250
780250.3750 -882205.0000
-25063.5000 -331649.0000
992978.1250 757124.5000
654363.3750 983438.7500
-866819.8750 -115241.6250
793643.5000 -641471.2500
331691.7500 766486.0000
-320405.3125 742647.6250
-270142.9375 947803.2500
45117.7500 -291899.5000
389631.3750 293591.3750
-644243.0625 535214.7500
-494325.5312 206789.1250
899866.7500 -128940.3750
-556774.0000 60536.8750
-462294.0000 299609.5000
95858.7500 224555.0000
609661.7500 -901730.8750
-9731.0625 584755.7500
985222.5000 449990.1250
222205.7500 633677.7500
538668.3750 611324.8750
-684406.5000 -599552.8750
-658422.9375 -819578.6250
689735.1250 -114435.0625
-869041.8750 379790.1250
560716.5000 13599.1875
670195.2500 -37325.5000
509376.6250 -28767.2500
537670.8750 -906495.0625
647414.7500 634298.1250
-324637.8125 -899525.5000
307395.2500 -187522.5625
-312859.0625 392080.0000
-381313.2500 -221954.0625
-324696.5625 -731857.2500
-78410.3125 825008.7500
882695.8750 157368.0000
-899770.6250 -529832.7500
-43753.2500 -445174.2500
-150477.0000 638891.5000
-919800.6250 933246.8750
-932100.1250 910517.6250
623453.2500 193408.8750
553972.3750 378803.7500
-538592.8750 613759.8750
-418764.0625 -129851.7500
-409959.5625 -167573.6250
896246.7500 -190105.5625
-801904.0000 -780436.8750
961553.7500 399295.6250
-461022.7500 832601.7500
203623.2500 -409222.1250
-770683.2500 296021.2500
-862279.7500 -874091.8750
28214.4375 -336405.7500
-131089.0000 200504.0000
816905.1250 787934.6250
214496.8750 -275705.6875
760387.8750 -952058.0625
969037.1250 -161422.6875
444650.8750 608820.5000
668642.0000 -751551.8125
213897.0000 -133027.0625
-119949.7500 967328.0000
922315.6250 4219.7500
5966.4375 -641518.0625
-810355.2500 277336.2500
-146247.4375 358770.3750
971502.7500 19454.5000
937648.6250 47536.0000
-793455.5000 -938227.7500
-320537.1875 393864.3750
912877.1250 731297.2500
-258744.3125 724801.6250
958471.3750 -715716.1250
79292.6250 -970543.2500
-869384.9375 671692.1250
989133.3750 247693.7500
275803.6250 364864.3750
-854048.4375 -570051.3750
-107458.1250 7490.5000
219574.1250 -48181.1250
-909598.6875 381929.5000
65550.6250 374966.7500
723105.5000 -291383.1250
149355.7500 -765386.5000
-872659.1250 222593.3750
-765242.2500 -781981.6250
264808.0000 573229.3750
-84224.1875 629256.6250
-453009.8125 444787.7500
-894741.0000 264717.3750
442817.8750 88441.8750
631645.1250 441401.2500
-721495.1250 58742.0000
-230521.6250 -168038.9375
233200.7500 -377209.8750
-726026.0000 -593962.3750
-747555.5625 -319316.1875
-828926.2500 -166646.6250
684674.8750 236965.7500
459491.1250 -669098.6250
-828791.1250 667886.6250
636980.1250 507802.5000
712569.0000 -273653.0625
617040.3750 147356.2500
592309.0000 597286.3750
-274287.9375 937093.2500
316228.6250 42144.0625
-240677.2500 854391.6250
-703791.3750 937424.6250
-39645.8750 -621767.1250
168223.2500 -327710.5625
-227754.5625 -672114.5000
-29827.6250 129111.0000
-393102.5625 687904.2500
-333005.6250 -875131.3750
-176468.3125 -825499.8750
892508.2500 97512.5000
-409424.3125 385886.2500
-359288.1875 805476.2500
907828.0000 -556737.8125
-663435.9375 -134626.2500
571357.3750 -367788.9375
610060.2500 803868.0000
-709126.6250 -717124.3750
114127.7500 -291062.4375
252232.7500 146144.6250
117953.0000 -724334.0000
883655.5000 436418.3750
649447.6250 -401579.7500
884809.0000 -732618.2500
-255577.8750 985526.5000
976403.5000 502467.7500
930753.1250 413216.6250
67523.2500 -832387.2500
-692681.2500 863527.5000
-627575.8750 105871.0000
-319943.9375 332580.5000
-734255.2500 702044.7500
-742574.6250 -628353.8125
-351901.6875 -451856.5000
-344605.3750 -411753.6875
271886.3750 216949.6250
330649.7500 -406596.6250
937182.8750 -769980.5000
14059.4375 -767774.5000
-664414.1875 295908.6250
829119.3750 -809613.3125
-594687.6250 -991527.0000
577214.8750 -915893.5625
824177.6250 -749876.6250
983810.7500 -46350.6875
-262480.2500 907225.3750
964128.7500 494137.1250
-229515.4375 112439.5000
350460.1250 533727.0000
-32370.5625 184445.0000
379731.3750 -52336.5625
-387846.9375 146463.5000
-554720.4375 -543973.0000
657266.1250 813866.7500
-656959.3750 673013.7500
-254468.1250 484187.8750
676199.3750 -845916.8125
917550.0000 882544.0000
345359.8750 -738600.2500
-592193.8750 463819.1250
-950599.1875 997147.0000
311975.5000 -720395.5625
689823.1250 -628268.6250
45377.1250 -142794.9375
-219279.7500 652691.1250
471635.1250 565149.7500
517438.7500 771614.1250
254409.2500 593220.3750
953635.6250 -144525.8750
-9045.0625 -247278.4375
-68308.1250 -20828.7500
904544.8750 -54090.2500
-304767.9375 684101.6250
507306.6250 -234514.9375
140445.3750 301787.3750
-664244.0000 465956.7500
-1581.6875 50455.1250
509522.5000 -582584.1250
-977733.3750 -456653.6250
-853690.0000 -765327.1875
-844296.6250 32198.1875
-743471.7500 -93576.6875
996200.0000 470220.6250
-590863.0625 -867649.8750
-424370.8125 -635355.7500
794908.1250 -400143.0625
599736.5000 22169.3750
324786.3750 -229170.9375
297760.7500 684494.3750
802848.7500 463545.1250
433874.5000 -522018.5938
-602845.5000 128482.0000
108088.7500 -23912.1875
833146.8750 646447.0000
993346.0000 699648.5000
771636.1250 -834011.3125
225995.0000 887500.7500
668312.0000 296463.8750
-981112.1250 319689.3750
-581556.3125 448588.0000
-35198.6250 -217054.5000
767838.5000 416776.7500
473159.2500 -939342.3750
645729.1250 387258.0000
466993.6250 767922.1250
618813.8750 761386.2500
778347.1250 405234.6250
302563.1250 -318896.6875
534992.2500 -822482.6250
-63588.4375 -385795.4375
-997509.0000 -730707.2500
242329.0000 866677.1250
-555583.6875 823552.3750
-408207.4375 304967.6250
-286725.3750 -742326.8125
695875.8750 -993354.1875
678562.3750 -413596.8125
361795.7500 599176.6250
-657165.5000 702049.2500
-30151.0000 -981140.6250
-594613.1875 -748057.0000
-955135.6875 336231.6250
-658516.1875 -965589.2500
-173887.0000 318428.3750
-54157.9375 -518715.6875
611164.6250 -232485.7500
157018.8750 -157187.0625
-526720.7500 -982479.1250
-357839.3125 -595487.5000
-2853.0000 -204676.8125
-431950.8750 49596.3750
837984.6250 202108.5000
-668815.2500 9004.0000
-375690.8750 -778507.5000
932472.1250 -236869.6250
757023.3750 59187.0000
-542476.8750 -708427.6250
97979.0000 590950.1250
945176.2500 732370.1250
-349772.8125 -423653.8125
115227.5000 -631158.7500
945014.0000 628960.8750
-61295.5000 849404.3750
649761.5000 -193571.1250
995721.7500 540429.3750
-894593.9375 -906223.2500
-395971.2500 559743.1250
749202.0000 911569.5000
-855065.0000 -161769.1875
165665.0000 922244.6250
470180.5000 331675.5000
-695883.6250 323038.2500
-50502.7500 284164.2500
482322.5000 -799995.1250
-489857.9688 393378.3750
965463.3750 957277.6250
643500.1250 544097.2500
847174.3750 -693589.1250
904952.2500 460695.2500
-7910.3750 -466948.7500
741554.3750 -949798.1875
-48088.6875 -695546.3750
-4135.9375 -225858.5000
967971.0000 486759.5000
9715.5625 687452.2500
-508945.5000 -710686.5625
141900.0000 153039.8750
-69165.0625 911996.8750
-299312.4375 -456613.3125
38059.1250 -543699.7500
-449088.8125 -339766.1250
-727959.8125 164531.0000
-874156.5000 -820662.5000
903222.1250 51341.8750
975691.5000 453440.5000
-936719.6250 448685.8750
512945.7500 553728.3750
327056.3750 -919597.3750
-348029.4375 837011.5000
-345841.8750 669343.3750
-435388.6875 -564909.5625
-718255.0000 422638.2500
596337.8750 287415.7500
-915982.9375 651935.7500
-531351.2500 -925479.3750
-706280.5000 -420105.1250
-132386.3125 -456841.3750
-246960.3750 983028.0000
-662352.7500 -662977.5000
512624.5000 -162401.8125
200935.3750 -319854.8125
-608257.6875 -880145.6875
63918.2500 -986608.9375
-520945.5625 273545.5000
-293997.4375 468239.7500
-855719.8750 785931.1250
51176.2500 -84604.5625
97646.0000 118646.8750
-516351.6875 -864313.5000
188988.0000 -323187.4375
-912670.8125 320764.3750
712793.1250 741638.1250
-559340.1875 -86187.8125
885597.3750 -830196.6250
272050.8750 235632.2500
-681049.1250 357786.5000
584880.1250 -391706.7500
-535900.9375 79220.7500
-142310.2500 -887019.8125
-554333.8750 191077.8750
539756.0000 -688728.5000
-69337.3125 -322131.8125
348266.3750 648084.0000
90955.1250 -687803.2500
-648397.3750 682891.1250
700952.5000 385119.3750
966533.2500 908369.5000
971706.5000 525791.1250
-700021.1250 -528630.9375
714357.6250 744494.2500
630542.5000 208284.0000
576024.2500 -472268.9375
-418785.5000 -759351.3750
116425.5000 -527868.3750
478773.6250 763282.0000
-807005.8125 747021.6250
745447.8750 653343.5000
16819.6875 743262.7500
351518.7500 689138.5000
-332363.5625 -24652.3750
-140380.1250 -33922.8125
-365485.9375 630548.8750
719664.7500 -722394.2500
548318.8750 -596385.5000
640025.5000 -404436.2500
-932817.1250 908970.5000
-844311.1250 142866.3750
434445.1250 -337571.5625
119687.1250 -281304.2500
-862456.0000 -419043.4375
-710783.8750 701689.1250
809184.3750 -144891.4375
-725079.1250 -38598.5000
504668.6250 -404801.3125
364533.2500 -35439.7500
804195.3750 710347.1250
560277.6250 111653.5000
571074.0000 585742.3750
819929.0000 40270.0625
-698423.1250 547468.3750
415777.3750 -397785.7500
453663.7500 -29960.5000
-60090.3125 725289.5000
914632.6250 61933.3750
-11346.0000 230855.5000
-434866.3750 -691404.5000
