300
-249375.9375 -912372.7500
-101508.5000 738733.7500
-339511.5000 -53807.3125
-551365.7500 -169724.0000
-432328.3125 -805047.4375
306915.8750 -141946.3750
-465752.4375 334832.7500
-692128.4375 98846.2500
-807021.3125 -602773.0625
695573.7500 392615.8750
546324.8750 507559.1250
-54814.5625 81391.3750
-31541.3125 731003.0000
-499515.5312 -114386.8750
-202505.0625 642339.3750
984374.5000 498065.3750
116078.1250 382704.6250
182650.1250 924982.5000
284882.2500 -200018.7500
9549.2500 15113.3750
-126940.2500 494548.3750
14390.5625 514905.3750
481234.0000 -137414.1250
-174247.1875 99115.0000
943690.2500 -573038.3750
42111.2500 602370.6250
-290340.7500 -236704.3750
-694395.7500 243309.6250
-88281.1250 -709114.5625
-119957.3125 258218.6250
-725212.6875 -122849.1250
-637575.5000 -649529.2500
168295.5000 268469.6250
-193790.5000 542381.5000
-702355.6875 963009.3750
-306568.1875 -492194.1250
-106242.0000 -491587.2188
-532876.1875 390757.7500
-74874.3125 -50102.6250
490687.3750 -411704.0000
516713.5000 982002.5000
-487635.7188 404683.3750
-85017.8125 306057.8750
-39138.5000 -894272.5625
-254687.8750 199306.6250
98579.1250 -539055.2500
-741302.6250 820685.3750
-991321.3750 926340.7500
9751.4375 862141.3750
426892.6250 -108024.8125
36658.5000 785270.2500
664019.0000 120346.5000
999345.2500 167013.6250
-870181.8125 -3264.7500
689225.8750 854209.0000
-537160.7500 -179957.0000
159531.1250 -60917.5000
-305646.8750 -761486.6250
95349.3750 992211.3750
-690777.0000 538663.0000
-155214.1250 111134.8750
-49354.3750 -684360.6250
27743.4375 501459.3750
134692.6250 283818.3750
-137540.7500 -219678.5625
239158.5000 352962.3750
-55313.1250 -463143.6250
-282922.7500 352217.3750
7649.3125 917356.3750
-404040.8750 562241.6250
-719669.2500 -715340.0000
856770.1250 519358.3750
-674623.8750 -263144.8125
-63494.7500 -404121.1250
-542232.2500 844020.8750
318073.0000 702345.3750
-215621.0000 -146142.4375
603744.1250 58107.0000
-598518.8750 -871101.2500
-574733.0625 692653.3750
863777.5000 461763.7500
278296.3750 -492159.3125
279485.6250 -672679.2500
-837224.3750 -684883.5000
-430704.5625 769891.6250
311095.5000 -851412.4375
-373035.6250 582116.2500
-447320.7500 390168.0000
-897030.9375 -120122.3750
954333.5000 -398824.6250
396893.0000 -515237.9062
825450.3750 581354.5000
-516781.9688 -654519.9375
-939593.6250 445591.7500
546037.6250 249690.3750
58830.1250 -743972.2500
312321.1250 758393.0000
-223764.5000 -820147.7500
398580.3750 -809876.9375
209996.5000 940454.0000
913046.8750 -590175.9375
678760.1250 -421093.6250
571281.0000 -78028.7500
-322555.6250 -479938.2812
157833.2500 808244.1250
925039.2500 702381.5000
-463.5000 -864520.7500
834074.5000 210438.1250
-100353.0000 289635.2500
-421274.7500 -633094.6250
983895.1250 -365384.4375
964748.7500 325160.0000
443129.8750 532780.5000
-517891.6562 -316089.6250
986674.1250 -204974.8750
18358.5625 -968523.9375
-878475.5000 553050.6250
-820294.2500 -537919.9375
-651893.1250 -685705.5000
-631545.1875 -367622.5000
-581419.1250 -379876.3125
-895078.9375 88124.2500
-422304.8125 408376.1250
711900.3750 322765.0000
-540564.5625 908517.8750
912564.0000 731297.2500
-482957.1875 -536709.8750
-352218.0625 938278.5000
197508.0000 271089.3750
-41241.1875 -482896.5000
-350949.6875 859978.0000
-962810.3125 -411790.5000
-992513.8750 47064.1875
-953433.4375 819482.7500
882948.0000 -356108.6250
390962.3750 -291759.9375
506484.8750 904058.2500
876429.8750 491157.0000
470760.1250 157462.3750
487366.5000 65834.8750
821924.6250 -829605.3750
-233311.6250 85307.7500
472500.5000 730676.0000
241447.5000 -684581.3750
-536236.3750 8297.9375
561262.5000 -525104.9375
-274771.0000 -860610.1250
-782238.0625 -75491.3125
504089.6250 924525.7500
-675197.8750 234505.0000
614182.8750 -50418.6250
-258532.9375 571413.1250
800474.6250 837079.7500
-776020.4375 -423322.1875
91167.1250 -575350.0625
985085.2500 245313.5000
-14698.3125 326886.7500
-753115.5000 965029.2500
-28739.9375 388288.8750
681739.0000 967970.6250
-302571.7500 -12869.7500
-767043.3750 676458.2500
569427.0000 301693.8750
-342989.5625 359591.6250
-500216.3438 -625126.4375
-944468.7500 864107.5000
-862462.6250 313270.6250
-759712.8750 590899.0000
157916.7500 -493832.4688
-311320.8125 108388.6250
495736.6250 -368388.4375
851898.3750 -155360.7500
-53967.6250 -145061.8125
-842519.0000 966214.0000
135137.1250 -217163.3750
-155594.9375 -750410.8750
-917137.4375 915516.3750
461261.1250 -329240.1250
-805355.6875 416683.2500
736134.1250 386787.3750
37802.3125 206939.8750
-65400.8750 -656040.0625
-110316.1875 806919.1250
258746.7500 -83164.1875
296410.3750 757321.1250
104808.7500 -231563.9375
856419.5000 -481058.1250
-144298.5000 -158513.9375
551631.3750 774829.0000
71482.3750 -732904.6250
-107202.3750 -595710.5000
-333346.3125 250233.0000
-166843.4375 -551803.8125
-732215.9375 -137367.3125
160633.3750 -353176.6250
51050.1250 -234780.0625
26040.8125 596.5000
998445.8750 -332659.1250
-735608.0000 879351.7500
-70996.8750 636278.2500
774364.6250 755326.6250
-212112.8750 746581.1250
635325.3750 -981815.0000
-491271.5000 -86659.8125
-41183.4375 -800026.2500
-929859.5625 -169270.5000
164953.0000 -150046.6875
-170878.5000 364123.8750
710588.0000 45499.5625
450989.0000 852885.7500
720088.1250 -228076.3750
692786.2500 521728.6250
769610.3750 -341478.5625
-677015.0000 842465.7500
-668860.5625 -590508.0000
-637925.1250 460722.5000
-612251.6250 392181.1250
610357.1250 -112892.8125
-266144.8125 272608.6250
340336.1250 904524.3750
557313.0000 29425.6250
-966348.6875 758912.0000
78234.2500 577145.1250
635125.1250 881932.2500
472164.2500 547657.0000
221483.7500 -335204.3125
985815.1250 476883.7500
466652.0000 595017.8750
757379.5000 -979427.7500
816278.5000 -721912.5000
922289.3750 -808417.7500
330145.5000 916542.5000
133995.2500 756002.5000
-333581.0000 58408.1250
838670.7500 -495933.8750
699200.7500 -461908.7500
802846.5000 -533539.3750
-538474.5000 -557299.8750
-197640.1875 -140310.4375
-959923.3125 261381.6250
511003.2500 569317.0000
-602228.8750 431451.1250
-757369.1875 338623.3750
374920.6250 895720.5000
779840.5000 -708586.8750
315464.5000 778266.0000
93637.0000 10834.3125
-6585.9375 -243827.3125
360120.1250 -689929.1875
-921770.1250 540315.2500
779047.0000 -190469.5000
-500206.1875 -557178.5625
630051.0000 -964917.6250
808319.3750 -732860.8125
622671.7500 -576032.5000
636521.6250 -757146.6250
989684.0000 17670.6250
-334199.2500 -382003.6250
114224.8750 -886409.5625
-223544.0000 -222182.6250
-667943.0625 895658.5000
370657.8750 -118856.9375
-918920.7500 -351812.8750
-601473.6250 -300743.8125
-252663.6875 -967350.0625
708294.6250 -518313.3125
945860.3750 308737.1250
-983822.6875 -924197.3125
844365.6250 892059.6250
494587.8750 -748230.2500
802222.8750 538989.7500
-514989.0000 960045.5000
898361.3750 579930.8750
667990.5000 758057.2500
-248499.6250 916270.1250
-136437.8125 -533119.3125
-84949.8125 889029.2500
420936.0000 249206.8750
-718513.0625 670511.1250
-650543.1250 -49065.8750
-532979.8750 321381.8750
-751067.0000 207012.0000
-141791.2500 816675.1250
-380326.5625 914834.2500
413106.0000 -149080.0000
-584786.4375 -927743.5000
-948699.8125 -505917.0938
743730.2500 -797480.5625
-956275.3750 -124409.8750
918817.2500 -120252.3750
-356563.3125 561411.5000
-152655.0000 -759454.5625
-197864.2500 327470.7500
159462.7500 495755.3750
834628.8750 90964.2500
61106.1250 -393760.8750
199568.5000 -990289.8125
626810.2500 147237.8750
-329914.5625 800837.1250
82772.6250 -874154.6250
