500
628637.6250 334302.8750
-477043.5000 -487206.3438
419061.8750 329411.5000
720872.5000 -827588.4375
524716.1250 -296035.8750
-301786.1875 904486.0000
163048.1250 -119940.3125
-387109.4375 350188.1250
255652.2500 -148256.3750
-917788.1875 747372.0000
-339285.5000 734316.7500
838696.6250 -370866.9375
672506.3750 -26496.5000
-655714.0000 812955.6250
-963102.3125 -584813.6250
-237981.9375 -860132.0000
-255350.5000 237623.8750
-278553.1250 323896.0000
782568.2500 357516.6250
583186.7500 623227.3750
655812.2500 -379445.7500
-519117.4375 237727.1250
228543.8750 -807031.0625
-2415.3750 -862616.8750
-850973.6875 -595040.8125
487668.7500 -315196.8125
-884238.8125 248534.3750
904786.8750 598614.0000
140549.3750 752670.8750
-387012.5000 214649.5000
949294.7500 -518774.9688
-125721.1875 797874.3750
-160855.2500 -995785.1250
-811792.5625 506407.3750
-527787.2500 202384.2500
-89383.9375 -520502.7500
-911402.0000 -275891.6875
-538928.7500 66130.8750
537811.3750 223986.2500
542667.1250 996045.8750
-391627.5625 607342.7500
-816864.8750 -83823.1875
-664979.1250 951825.7500
24509.0625 -304157.5000
915069.7500 -76937.2500
678239.3750 -424425.6875
-549361.7500 -831948.0000
166485.8750 877501.3750
804578.1250 128922.7500
-122613.3750 546431.6250
-959659.6250 -763191.5000
-688745.5000 -999267.5000
440868.2500 254563.0000
-562723.2500 -327278.0625
439446.8750 310135.0000
852608.5000 -214859.7500
175991.2500 -209426.0625
-624228.6250 -114751.2500
718083.5000 589321.0000
-803676.0625 829725.5000
222588.6250 616423.1250
477148.8750 -951955.8750
-469907.3125 -558366.7500
134780.7500 267158.6250
187476.3750 -740275.6250
-43704.2500 915806.2500
-638239.8750 -537790.1250
156777.3750 -898068.8750
-863616.7500 958358.7500
-166061.6250 -807054.5625
377239.6250 -997895.0625
-975084.0625 265307.5000
498119.2500 -237371.4375
990979.0000 -110490.1875
730039.8750 -617199.3750
867798.5000 -220808.7500
77348.6250 -911163.3750
-402650.3750 -2522.9375
57167.7500 655325.5000
196312.6250 818599.2500
985874.6250 -573749.8750
-262406.6875 -405679.9375
-959175.9375 -269468.6250
401025.5000 -869970.7500
-915202.0625 36358.9375
-342129.1875 198825.3750
-705953.6250 -164735.3125
-28220.4375 -962338.8125
-921843.5000 -300524.8750
-365591.1250 576047.7500
-512898.0938 -489588.4375
-651469.4375 -278137.1250
-344247.3125 753356.1250
-585886.0000 234629.2500
-500214.5938 -985571.5000
217632.1250 893331.1250
-262870.0000 -256456.4375
833888.8750 -56236.4375
-961230.3750 -829235.5000
-168047.3750 601168.0000
-3530.1250 -371631.0625
-55841.0000 669241.6250
-153445.7500 -519316.5625
-97491.6875 -961985.9375
-275948.0000 -543123.5000
253713.0000 142217.7500
-667266.1250 154300.7500
13316.6250 -742071.0000
928049.6250 -186414.6875
981813.7500 -271614.0625
85282.6250 -655079.1250
-832906.7500 -656561.7500
-483715.7812 -663323.8750
695501.3750 189248.2500
471006.8750 -709081.2500
947577.3750 211634.8750
-112892.7500 -67121.6250
-735211.6250 611844.1250
48049.3125 -701133.6250
-368328.9375 -433888.7500
-256791.8125 -504209.9688
168795.3750 99968.3750
-428957.0625 943628.8750
-883641.9375 518540.8750
307832.5000 629875.0000
-60460.8125 -260133.3125
-704956.8750 -165211.1875
-492612.4062 -211012.8125
61021.5000 662941.7500
-691950.0625 -412012.3750
-838854.6250 395618.5000
-17784.5625 -629976.6250
876035.7500 -905046.9375
522323.7500 -467512.1875
-97405.8125 694228.7500
-815547.1250 900528.6250
857047.5000 -900050.1250
544243.8750 398913.7500
-601009.7500 -892164.0625
379634.7500 828605.8750
525805.5000 521599.6250
-743209.5625 -787335.2500
-335244.1250 876638.5000
-476287.2500 -447936.9375
414634.0000 -959813.5000
565528.8750 753767.2500
-736605.1250 843176.2500
-830579.1875 -122498.3750
-843425.9375 455593.3750
-334899.3750 540231.1250
682071.5000 -653496.6250
-952593.3125 -424998.6250
254147.2500 -235601.0000
-950718.5000 -546138.5625
-512439.9062 -725323.5000
-466372.5000 -577287.2500
-43139.6875 -322606.2500
933011.7500 951087.8750
584324.6250 -870911.8750
508907.8750 743411.1250
-290577.3125 -785285.3750
476907.7500 267655.0000
-99595.8750 -611893.8750
554653.3750 91423.5000
218183.1250 58917.0000
195758.7500 -996358.9375
779.6250 116142.1250
-203640.4375 -896067.3125
-865966.5000 -585283.8750
-846596.1250 -298616.5000
-759741.1250 -740689.0000
-708846.5000 -969519.1875
933660.8750 416905.6250
156391.5000 38921.6875
-545592.9375 472865.7500
-688182.8750 219391.5000
-969613.3125 -290055.9375
842259.2500 -290900.1250
666654.1250 -148588.8750
-812895.3750 455952.1250
-209935.1875 -332493.0000
-850813.0000 -380844.3750
805984.6250 386434.5000
-693299.3750 183334.7500
740070.6250 -282100.3125
-474646.4375 366009.7500
-138105.2500 616758.6250
-596732.8125 864366.1250
28544.4375 711491.0000
227083.3750 -253214.3125
571294.7500 589193.2500
-854764.8125 -248637.7500
-896167.9375 -32063.8125
44832.0000 105315.8750
-832621.1250 -507933.1562
747921.1250 136416.2500
731107.1250 310033.5000
-677120.2500 -283255.6250
-256591.0625 -360222.3125
476944.1250 -525942.9375
-101382.5000 -1077.0000
362849.5000 64399.5000
-893160.7500 410728.1250
871451.3750 647758.1250
-957463.7500 483432.0000
166534.0000 -92927.5625
-651028.2500 936118.8750
134692.8750 168152.2500
52899.8750 -215859.3125
60422.8750 -911640.3750
796769.7500 -472731.7500
-996940.9375 -690009.8750
137782.6250 414002.3750
-928851.3125 -288744.5000
151520.7500 795748.8750
-649535.4375 608636.2500
-917909.0625 -742245.3750
555517.2500 702716.5000
602851.3750 577176.3750
371082.3750 122947.1250
925622.5000 783300.1250
-283802.1875 936973.7500
-417508.8125 136584.8750
-622089.6875 929218.6250
26460.1875 538824.6250
456598.7500 715800.3750
-592197.2500 54941.8750
-551953.0625 941360.6250
-946164.8750 -675132.1250
-51257.0000 -193136.8750
-902324.7500 523180.7500
-710242.0000 627910.3750
71735.0000 962341.3750
87434.8750 -349373.0625
551431.0000 -481314.2500
80964.2500 -97335.5625
-460514.1250 765963.0000
615798.2500 139145.3750
753210.2500 -279600.5625
-253094.5625 -793494.0000
-627056.6875 239743.7500
53888.2500 -941628.2500
388129.1250 -300922.9375
-328635.3125 -714483.7500
855958.6250 625742.5000
-671677.2500 95634.5000
-987734.9375 -879811.2500
-462736.8125 -860978.3125
-663863.5000 783086.5000
891226.2500 445819.6250
-783275.5625 840079.5000
835129.7500 -511998.8750
-477112.7812 25080.1875
-936221.1875 -833993.9375
-538538.1875 930056.6250
-196249.8750 788588.2500
-899678.0625 -371803.3750
194680.7500 -889260.7500
-669650.0625 -634.8750
-957721.8750 -808886.6250
89072.2500 -431600.5625
-690062.1250 -963925.1250
606405.0000 125817.0000
535268.3750 -151571.6250
98471.7500 257041.6250
20252.0000 -985421.5625
-599565.6250 374927.1250
360404.1250 -898770.7500
-541548.5000 -688197.8750
-912323.5000 195102.5000
-90995.9375 578920.0000
724254.7500 632160.6250
-843198.1875 548292.7500
163397.5000 368546.6250
146002.6250 223487.0000
247154.2500 -134215.0625
-996408.2500 -79311.9375
-312511.6250 -633445.1250
-877544.6250 -383106.8750
688924.6250 -892444.2500
-15368.6250 756945.6250
546986.1250 -300794.5000
865860.2500 -804851.1875
-498204.7188 512732.8750
303437.8750 673428.0000
850036.6250 -120851.4375
284326.3750 566209.5000
141069.5000 672823.2500
-37516.5000 955076.0000
-252574.1250 -539790.1250
-258103.4375 986478.3750
524025.5000 55246.2500
736851.0000 -701925.5625
-478792.7188 254508.2500
-232923.7500 930312.7500
26913.1875 -749567.0000
733846.2500 329073.2500
-586065.7500 -244575.8750
813649.6250 -7567.4375
-357807.4375 -989727.9375
-973486.8750 330161.6250
800764.5000 606104.6250
70860.0000 449578.7500
-411793.9375 943986.8750
667432.0000 979274.5000
808506.5000 -471898.0625
-654087.4375 569009.6250
109335.2500 752788.1250
176628.2500 -402440.8750
810003.7500 591111.3750
323844.5000 -267131.3125
284404.2500 854660.8750
203816.6250 -18075.5625
-547249.8750 -453891.1250
612604.6250 370477.3750
85357.6250 45343.2500
735343.8750 606457.7500
474574.1250 923572.0000
328990.8750 166021.8750
-340985.0000 -648916.5625
-312875.6875 -934391.1875
-698768.3750 -501856.3125
511985.2500 -200600.1875
-934750.1875 937529.8750
-35038.1875 -346286.3750
743498.8750 -886491.1250
-450883.9375 -13473.6250
-587437.8750 -5746.8125
882484.8750 931331.1250
-250031.7500 -76054.6250
77670.7500 -283924.6875
814687.5000 -589586.7500
-669390.2500 453104.7500
500434.3750 -442523.8750
832272.7500 800073.2500
-484172.9375 8896.0000
-52595.3125 505381.6250
-559314.6250 30430.1875
570113.8750 -399918.5000
-60996.3125 -94964.0625
-742903.1250 834965.0000
-790715.9375 27203.5625
-989867.8750 437020.8750
330993.2500 -709803.6250
151158.7500 -996123.5625
396985.0000 525043.0000
-838455.7500 128706.0000
-799199.3750 73731.1250
-518864.7188 -143899.5000
889209.7500 -559237.8750
191286.6250 948425.7500
123242.6250 954133.6250
-971792.1250 -661567.8750
-576195.3750 -910012.2500
218392.2500 -114820.1250
291826.7500 518134.8750
511720.8750 730916.3750
-829346.3750 494030.5000
766061.0000 -824015.8125
475869.2500 -813204.2500
-682533.0625 -64775.5000
173962.7500 666875.3750
-956920.3750 -208184.5000
-911504.8750 -960963.3750
-504097.3438 338162.3750
92484.2500 -363890.5000
981836.2500 383232.1250
425264.6250 -279382.1250
208026.1250 -578675.0625
433064.7500 295140.8750
917369.8750 519005.0000
-531216.4375 235584.5000
-988897.8750 -154637.2500
-513299.0000 -406646.8750
992869.2500 984172.8750
-408219.7500 -846100.3125
326440.8750 -948989.9375
-419507.6875 492507.8750
842288.2500 -665267.8750
260082.1250 339040.8750
-157775.7500 -798843.1875
261128.1250 263001.2500
494236.2500 781013.5000
-218440.8750 628296.6250
63178.7500 663774.8750
789989.1250 -155245.4375
-974400.5000 -653357.2500
-494915.2500 -749717.1250
75718.0000 -40097.8125
89160.7500 592615.5000
3323.8125 525495.5000
-604288.9375 -136526.6875
220100.1250 -284154.2500
-514990.4688 -776135.8125
-444107.3125 554980.3750
491370.0000 -111709.8750
-290385.6875 454317.2500
-357155.1875 -511355.8125
114098.0000 -707912.5000
521541.8750 -355416.1250
-934401.4375 -447012.2500
665240.5000 -484758.4375
925202.5000 697145.6250
155879.7500 -122082.6875
426801.7500 -128611.5000
-611871.7500 -742703.1250
564163.1250 270873.1250
721561.7500 -111815.1875
-344314.8750 -711866.7500
856379.7500 -900288.1875
-273145.0625 -824553.6250
508104.3750 -749300.4375
206807.5000 -290342.9375
-852337.2500 -186639.6250
-568176.6875 767503.5000
461060.8750 654397.6250
-887966.0625 -950252.1250
-385219.8125 -45242.1875
920007.2500 -389663.8125
-382056.5625 561886.0000
-732921.4375 775942.6250
-742182.3750 -210908.6250
-763827.0000 141562.2500
962835.1250 359193.3750
-934081.3750 369314.3750
57752.0000 894868.6250
183682.8750 638673.3750
569704.5000 -840568.2500
-975035.0000 -976674.8750
-886603.1250 586369.5000
834664.1250 860881.5000
622319.2500 200072.7500
736978.2500 -680862.8750
374032.1250 394143.7500
-790657.5000 358137.0000
840945.0000 -580065.3750
201061.5000 -237389.1250
-764630.3125 -758777.0000
-983223.3750 858393.2500
-757654.5625 964315.0000
702968.6250 99643.2500
-607503.5625 793918.7500
-63509.3125 -312492.6250
-993507.1250 599572.0000
839852.6250 125711.8750
813153.2500 -598035.7500
943177.6250 666564.1250
-796430.7500 -15041.1250
-25698.1875 388765.1250
-961522.7500 90143.3750
-377542.2500 -312868.3125
-165662.4375 647458.3750
-587671.0000 -289319.1875
910397.5000 -987034.5625
-942380.8125 -947875.4375
-466474.7500 -594541.9375
-952189.1875 -41229.9375
115942.2500 555965.7500
460762.0000 640355.8750
-109728.1250 27958.0625
757631.5000 -200228.6250
-241900.1250 -487549.3750
72364.8750 383892.0000
-429601.9375 237137.5000
-257319.7500 -318930.0000
41453.0000 -772770.7500
833781.6250 701067.1250
-475263.6875 -632978.8125
736048.2500 242561.8750
472796.7500 763162.5000
-7137.6250 296542.6250
-825173.1875 38030.2500
11237.7500 -685785.0000
-110261.2500 873558.0000
250155.1250 839189.0000
-868242.2500 355752.5000
882835.7500 -547100.5000
421031.8750 -178948.0000
-717126.1250 281506.6250
809912.2500 -738334.6250
463852.2500 195065.3750
119982.6250 -35097.3125
913295.0000 547445.2500
-675467.3750 -250531.0625
805481.2500 -580305.5000
-37589.9375 -277862.6875
-338653.7500 225600.1250
-316414.3750 246902.1250
-287617.6875 23544.5625
-172235.0000 9866.6250
-283127.4375 -753512.3750
-165617.4375 -522411.2188
276477.5000 467083.7500
528347.7500 756145.0000
-974940.5625 -59914.0000
450681.1250 173525.8750
-753182.3125 597801.3750
669469.8750 -735249.0000
-213899.6875 -220873.0625
354557.3750 988061.7500
