200
-519748.5625 648389.3750
-831121.9375 586015.8750
812190.8750 -666102.6875
-732857.1875 492370.2500
-1267.4375 869161.6250
788978.8750 698446.3750
206385.1250 369025.2500
-887694.6250 714530.3750
-583836.5000 516059.7500
-279306.1875 -540624.7500
-340754.2500 -298943.3125
-229554.0000 942807.7500
-506113.2500 -114030.2500
-669189.3750 -245651.8125
3715.8750 934491.7500
694996.7500 451757.8750
653054.1250 809701.5000
641815.6250 -119078.8750
-52259.2500 995177.5000
579330.3750 -321498.1875
-471880.6250 804160.6250
652919.3750 -897206.3750
915048.7500 -382762.2500
900883.3750 -777003.5625
-737804.8750 -851712.8750
55141.7500 -286543.9375
-50916.6875 768962.2500
-37575.5625 243348.7500
-667221.2500 468217.6250
-162324.7500 11890.1875
-552841.5000 -192095.6875
633987.8750 392969.2500
-803353.2500 -564931.5000
-258083.3125 41991.0000
11903.7500 392813.2500
-765658.8750 66831.3750
-331168.0625 -429007.6250
560044.1250 58699.3750
-799099.1250 663009.5000
200806.3750 -459320.5000
578205.5000 952732.6250
-157611.3750 -100324.7500
-319639.8125 -974493.9375
65901.7500 -185990.0625
681394.1250 -388845.0000
-342249.3750 190138.5000
-919759.1250 -185691.6250
-499886.2188 -391057.3125
561226.1250 412361.6250
471760.2500 527070.3750
-651259.5000 875310.7500
-424730.3125 281405.1250
307083.8750 -442178.4375
111390.2500 -842618.5000
-356650.7500 135874.5000
-52308.8750 -229669.3125
540253.3750 845275.1250
-199525.6875 39138.4375
-617893.7500 571629.7500
261832.0000 -940782.8750
-243590.0000 610445.3750
117559.3750 -16890.6875
-630033.3750 -181152.5000
-52299.9375 -970551.1250
382727.7500 995322.3750
-959196.4375 504375.6250
-732373.5000 785105.5000
-543816.2500 998599.1250
-311389.0000 81138.1250
368244.5000 484938.8750
186469.6250 -913536.8125
-640193.2500 -4084.0625
-27646.2500 271313.8750
540181.2500 -650768.1250
74067.8750 826207.7500
-215339.3125 858796.0000
-32865.1250 792763.0000
-697410.2500 -364175.5000
-587453.6250 626132.7500
220623.6250 666878.1250
-37989.4375 20108.4375
-553235.3750 -488876.8750
-24095.5000 -227168.6875
57655.8750 -972448.5000
-578777.8125 -977722.3125
640658.0000 481028.2500
946294.2500 -459752.0625
-174307.3750 367693.5000
841479.6250 415591.2500
520163.2500 749004.6250
489846.8750 384273.7500
333702.2500 855734.7500
-712452.0000 533544.7500
-220054.1875 -181247.1250
-340767.6875 -450665.8125
325240.6250 717220.5000
-637515.8750 318162.7500
51223.8750 -728502.9375
407116.7500 920474.0000
-893035.8750 412156.1250
995545.6250 745819.8750
135301.8750 135784.8750
-130632.0000 17008.8750
686811.0000 468655.1250
867465.1250 -768556.6875
-883741.6250 -512934.1250
13524.6250 954484.1250
705798.2500 -691455.6250
702025.7500 352276.0000
937447.5000 947994.1250
352787.3750 -318655.7500
-154718.6250 -701740.6250
309444.7500 -356023.7500
-938171.8125 837809.3750
925313.5000 146303.6250
-395461.9375 -255869.3125
468059.1250 -528323.4375
644026.5000 670592.2500
-786370.2500 153698.6250
111984.6250 -525250.6875
-471562.5625 125514.8750
645279.2500 448423.0000
-202643.9375 -790754.0000
156002.7500 163631.5000
872028.2500 -61589.1250
-525529.5000 178941.7500
-125135.8125 -574054.0000
-318066.1875 841773.1250
-603568.0000 261878.7500
-85593.3125 -166602.3750
566966.2500 -566991.9375
-373833.8750 -996868.8125
-625232.2500 973485.7500
851013.7500 -279118.7500
972884.8750 988217.6250
43683.4375 -724457.4375
271482.2500 187200.1250
151912.8750 802055.8750
367906.0000 -799525.9375
-257795.1875 -603573.3750
-880206.1250 -763900.7500
-800719.1250 375629.1250
809617.6250 313727.0000
559160.5000 -756913.2500
422010.6250 -190609.7500
867329.6250 733317.5000
-747771.5000 -790548.4375
569432.5000 204829.5000
-358688.5625 452647.2500
849852.2500 -477845.5625
480256.6250 -533439.6250
839021.0000 -326242.6875
738819.8750 -574835.5625
18580.6875 -654131.1250
751073.3750 286354.0000
631035.3750 -709547.7500
383332.3750 -189184.0625
700236.5000 667025.6250
885031.0000 874450.2500
-974940.5625 715120.2500
-972429.4375 173917.2500
179324.2500 378067.3750
-382570.8750 -96887.1875
-270663.8750 131357.6250
-910797.8750 952882.0000
742751.0000 220547.5000
-344722.9375 -583467.8750
-233521.2500 241433.1250
781649.8750 -790814.4375
-302711.7500 -810513.6250
339956.8750 324289.8750
24178.1250 -344259.8750
787314.6250 362990.8750
782317.1250 397738.0000
713813.5000 405111.7500
-336589.3750 -935106.6250
799900.7500 941917.0000
-56988.8750 -67475.2500
45002.5625 187900.5000
-537696.2500 358271.1250
-566165.3750 939931.7500
840160.8750 458787.5000
-125049.8750 584272.8750
714532.0000 286708.8750
-781611.7500 -861116.3125
-964776.6875 -548162.3750
-713546.5625 998232.1250
367386.2500 -577237.6250
103044.3750 661040.1250
-307652.2500 -133058.1250
341379.1250 -710874.0000
-686385.5000 -440571.5625
952741.8750 -81694.9375
877159.7500 732604.1250
-724691.3750 424184.8750
-559162.1250 112419.8750
254289.3750 162090.3750
-188410.3750 -159111.5625
860496.5000 -613264.6875
-352460.8125 364589.0000
