800
-570441.0000 -103681.1875
-239866.4375 597831.8750
-688658.0625 565199.7500
923667.6250 -276020.4375
-83154.3750 83174.7500
464598.3750 424493.6250
-939070.0625 505923.7500
636590.0000 -950637.4375
838459.8750 -832698.3750
-299020.6875 -5015.7500
-532977.0000 358628.3750
-427553.7500 255582.3750
240927.5000 103304.6250
480383.7500 -731690.3750
-552461.1250 -190191.7500
119325.7500 785751.1250
549305.2500 -492024.1875
-701751.7500 173457.3750
363124.5000 -341502.8125
693760.8750 -967174.7500
466362.7500 38940.0625
-41202.0625 158502.8750
91022.0000 -483483.6250
279456.5000 -192522.1875
-944291.1875 825076.2500
-350064.8125 -701752.2500
400602.7500 460784.2500
-808417.6250 930516.6250
691692.8750 925013.0000
366248.3750 -719202.3750
256205.1250 -463006.1250
-251012.4375 37945.3750
811219.0000 -766180.1250
223358.0000 157923.7500
-526205.3750 -21212.9375
195356.8750 66174.5000
940350.3750 -637654.5000
-169584.3125 468723.1250
-571645.0625 -203877.6250
130523.5000 361642.8750
266935.1250 -291291.3125
855212.0000 378702.6250
792592.7500 -452383.3750
-744247.8125 -892886.5625
273823.3750 -572721.2500
-464418.5000 149909.8750
-228835.6250 518341.7500
947387.8750 -40760.0000
-629679.0000 748579.1250
-797087.0000 985613.3750
561826.5000 -641485.0000
-697951.7500 617201.3750
-885977.5000 -474259.9375
268324.8750 -623295.7500
-714423.1250 -264813.1250
-941903.8125 690013.5000
162205.1250 -577725.8125
-27955.5625 180875.2500
-544889.6250 151333.1250
671650.6250 40261.2500
-396857.4375 432534.2500
607697.3750 16814.8125
-853635.1250 -430704.6875
-9795.3125 954363.7500
-915727.5000 -629673.1250
519206.6250 -631729.6875
680996.0000 305389.5000
570172.1250 -498448.8438
587196.2500 882643.3750
162375.7500 -993028.9375
-160833.3750 -951636.8750
-640354.5000 874121.3750
690011.0000 -437157.7500
-510973.5000 -984620.1875
868455.2500 68356.5000
-927905.8750 128462.6250
796636.6250 685595.0000
878708.2500 -928132.3750
-957743.8750 448803.6250
874716.0000 -801161.7500
-149291.5625 -647239.2500
-646373.4375 856866.3750
543338.0000 401650.6250
-100074.5625 -119242.0000
-820837.0625 46479.3750
905375.3750 191283.7500
-82725.1875 642822.5000
-49901.3750 -362114.0000
797220.8750 -691926.1250
501526.5000 891206.1250
-487026.4062 -844915.0000
-420075.7500 547722.8750
109997.8750 -213594.9375
-73867.0625 733856.5000
-744279.7500 516169.2500
-270745.5000 890327.2500
467330.5000 -420035.2500
-580691.2500 423717.5000
-603107.0000 322210.7500
-39883.6875 -419232.4375
-915541.8750 -324919.1250
638467.3750 488048.8750
-368816.0000 721344.1250
956862.8750 -691202.6250
356093.1250 -4262.7500
-816672.7500 857451.2500
-328934.1250 180500.5000
632632.5000 -395749.8125
-100120.9375 653650.2500
170806.7500 -732541.7500
-211456.0625 748723.0000
-842213.8750 57545.0000
-886089.0000 910877.2500
-664255.2500 -497570.3438
834683.5000 -138583.0625
274236.0000 526463.6250
282080.0000 -916506.1250
-152061.2500 919012.7500
583494.7500 306811.7500
-726522.6875 797243.6250
-58557.7500 -666749.5000
-969332.8750 -179982.7500
-366360.5625 422421.2500
287503.1250 578228.6250
291642.1250 65942.2500
561692.7500 -371002.4375
860066.8750 369421.1250
44233.3125 -856426.2500
-123743.6875 -570483.9375
-734296.0625 239142.3750
-349775.4375 686478.8750
663649.0000 -675393.3750
654468.2500 -52320.1875
381383.3750 -351021.5000
-293618.3125 -89742.0000
111473.7500 -842856.5000
-635928.8750 -459965.2500
202460.0000 -56393.0000
883709.2500 746408.2500
-365213.5000 501912.0000
373338.6250 -143013.4375
830810.2500 700947.8750
477048.1250 -572947.1875
-251953.6875 -251100.8125
532347.5000 -585557.6250
380902.2500 -834986.5625
-977856.8750 -176056.2500
374068.6250 -840222.8750
-332671.6250 971599.2500
-327114.3125 787509.5000
-902077.3125 189748.1250
-632663.3125 786420.3750
-15267.9375 827868.5000
-824746.3750 -608843.0000
603280.1250 487332.8750
-587549.1875 -669279.8750
-648881.3125 -939171.1250
368438.5000 251940.7500
832138.1250 346333.7500
147356.0000 -252862.0625
-271520.1250 612109.7500
-12489.9375 560956.0000
97856.7500 82352.5000
-830380.0625 678120.3750
80900.2500 -197412.9375
145918.5000 -310100.1875
-108140.2500 452186.1250
-383236.3125 487393.1250
-720746.2500 948133.5000
577294.6250 418312.3750
458059.7500 590733.5000
999508.3750 611709.3750
132382.6250 738390.6250
416940.0000 954627.0000
-944598.1875 -489019.1562
-741502.8125 138588.5000
-37269.8750 -437558.0000
844648.6250 -395023.2500
265261.8750 9059.6875
-880486.9375 256507.3750
702257.2500 -343624.5625
-468031.4375 838075.2500
-516440.3125 -204469.3750
-929072.6250 188080.6250
659234.7500 -923623.5625
296369.7500 -242262.3750
-205782.8750 -913084.1875
-397068.4375 -592514.8750
889756.1250 470452.2500
-987913.6250 129649.0000
-985896.1250 136075.1250
-884882.0000 43381.6875
-872731.0625 -212106.4375
-459679.0625 9016.5000
909728.7500 174267.2500
-461409.7500 -188044.3750
-116742.1250 -913435.8750
-383920.1250 -85463.3750
40493.6250 -545484.6250
1155.0000 576664.6250
252038.8750 -587716.3125
569068.7500 17407.5625
578033.5000 339892.7500
-1086.0625 -992324.6875
-716388.1250 -253151.5000
267369.8750 -335558.5625
591216.8750 -315428.6250
-61157.4375 582253.7500
342434.3750 126634.2500
413831.7500 -705752.7500
-254215.1250 -731020.0625
-162008.4375 -593333.8750
-194867.3750 -875956.1250
-677401.7500 864123.5000
-586448.0000 908753.1250
-610503.3750 -431999.1875
-491599.4375 -730558.1875
-768.0000 -312012.9375
-879371.1250 -908007.3125
713369.0000 408919.7500
270866.6250 -406362.1875
-540936.7500 455611.3750
-189196.5000 475742.8750
135797.3750 174102.1250
-678176.6250 347552.8750
-939767.1250 -114294.0625
-595423.5000 -665710.4375
298187.3750 717456.8750
-174178.0000 -365215.3750
-119445.0625 589866.1250
-52086.5625 485984.8750
417237.3750 581568.2500
456154.3750 508743.7500
59740.8750 585236.0000
919935.5000 64908.6250
275546.2500 -644001.0000
454751.7500 -892101.2500
26388.3125 -986849.1250
-239402.1250 -492904.1250
-518571.4688 368982.1250
-608689.5625 369214.6250
-813038.0000 -245660.3125
-22106.1250 -730054.2500
433173.0000 462333.2500
-26991.8750 339856.7500
-826123.6250 347425.1250
-820443.5000 -660249.8750
-563731.2500 805583.1250
903267.2500 -631230.8750
927240.1250 -786759.8750
-264612.1875 124575.2500
-491327.0625 662670.8750
-128500.5625 265834.0000
-492305.6875 290682.8750
-365608.8125 -181969.7500
-105754.4375 -787178.3125
-364085.6875 585091.7500
-48348.3125 811920.7500
262119.7500 -589857.6250
737110.1250 -552107.0000
-70499.3750 610336.7500
-832800.6875 -882777.0000
-486262.5000 -881447.3750
322937.1250 -613415.6250
222713.2500 -395536.2500
150855.1250 -858323.8750
-973116.5000 -578626.3750
-93284.6875 830838.6250
-712114.1250 165008.0000
-347111.1875 -502668.3438
435452.0000 102959.1250
542064.6250 641669.6250
-764897.6875 480349.5000
-824268.3125 364679.8750
-655801.8750 522838.3750
-406800.5000 -61665.1875
-435176.1250 904359.2500
-291729.0000 -5610.3125
591644.3750 910727.1250
363718.3750 -232857.5000
-325055.1875 -985799.0625
829411.6250 797812.2500
-5000.1875 -79728.9375
-434590.5000 -38105.2500
733680.3750 -162745.6250
-235341.5625 966607.1250
-739759.3750 614342.7500
601573.1250 863961.6250
-911236.8750 639798.1250
72996.6250 842034.5000
-681497.2500 853294.3750
300629.1250 76414.6250
-580660.3750 674089.3750
-332375.2500 841177.3750
-949635.8125 -230317.6875
268103.6250 -529406.3125
157842.8750 16550.0625
-882886.1875 866015.2500
-543505.2500 -668444.3125
832742.2500 -692162.0000
-396852.7500 -101528.9375
137793.5000 96158.6250
941402.3750 -103948.3125
-201564.3125 148616.5000
-585227.8750 308646.1250
435785.6250 75232.7500
524176.1250 249451.0000
-937771.3750 -171770.0000
687756.2500 876699.5000
206587.5000 -880573.1875
-514229.3750 116230.5000
-138596.5625 -653069.5000
-544805.3750 608047.6250
-507026.3438 -544684.1250
298895.1250 408419.0000
-257659.4375 -470057.5625
-39637.0000 -481825.4062
73948.1250 -179682.6250
680840.6250 846949.6250
-635777.3750 888639.5000
-345847.7500 489775.2500
448428.1250 -662911.3750
64793.0000 732793.7500
789406.7500 976068.8750
340032.5000 -440748.5000
-755794.1875 924926.7500
-838091.5625 -633119.4375
955645.6250 195094.6250
847218.6250 -463565.9375
940959.6250 -795564.8750
-485873.6875 706819.3750
433031.1250 -79226.9375
465955.3750 -45667.5000
-138234.7500 -688411.8750
-894191.4375 689183.5000
-602621.0000 -675706.7500
900427.1250 -251508.3125
-299464.3750 -520991.2500
-51333.6875 901288.0000
-288456.8125 -764460.5625
-581846.8750 -93329.0625
-407354.7500 899838.8750
-808972.5625 -411900.3125
-731966.5000 -401780.8750
582933.3750 -160136.6875
-471570.8125 -638571.5000
-838210.5000 310178.0000
201425.7500 196834.6250
460935.5000 -636850.0625
-594330.5000 942310.1250
-940843.3750 -912770.9375
904068.0000 -754750.7500
-999826.5000 669899.5000
772216.8750 -84442.6875
-66354.5625 650677.3750
-134317.2500 778953.2500
472974.8750 530878.3750
144524.8750 -709933.6875
-818913.5000 -971072.6875
148334.7500 520387.2500
213023.1250 -937096.8750
805309.2500 280050.2500
-261257.2500 832375.7500
438535.7500 -949935.2500
507381.0000 468763.5000
-222485.8125 -448278.8750
-568974.8125 680754.0000
-467851.5625 -759592.3125
635724.1250 818982.3750
955291.5000 613729.7500
96260.2500 -415535.3750
598331.5000 -154304.8750
615005.3750 157233.0000
458123.3750 396052.7500
649206.5000 -320899.0625
671974.8750 -785347.0625
946608.1250 -118465.7500
-659052.7500 -356081.3750
414417.1250 -700397.7500
45218.2500 -890221.6250
-72629.1875 -17259.0625
896429.6250 -679306.4375
-971058.6875 294105.3750
913979.0000 -583512.0000
341571.1250 -754784.2500
134456.6250 785990.0000
-274670.3125 -186724.2500
742988.8750 -383962.4375
-525597.5000 -585977.6250
-588338.3750 283061.2500
-996830.9375 -203426.9375
786452.5000 262199.5000
-700197.6250 -91908.1875
-636627.8750 -221136.1875
-746647.0000 194755.3750
809467.3750 -896007.0625
731781.0000 718315.7500
806752.5000 -956339.2500
-928261.4375 -911937.1875
852296.2500 710350.0000
510587.7500 542899.3750
958515.0000 -550546.8750
-43859.7500 -236570.6875
257287.1250 850018.2500
-580454.3750 224752.7500
-433319.1250 303062.2500
515118.6250 -794519.2500
-201252.8125 -400678.3125
461243.6250 -456092.0625
-566067.3750 120987.2500
16849.8750 106504.2500
-678175.5000 -804824.0625
-932133.6250 -95729.8750
-677310.5625 -369886.2500
-330622.6875 441344.0000
92930.3750 -775385.6875
972104.1250 -119059.1875
3548.0000 152912.7500
422283.5000 -368630.7500
905012.8750 -680257.8750
319838.5000 551575.0000
-530277.1250 -473167.6875
-699579.8750 -367269.5625
-549882.7500 160495.6250
-98551.3125 121015.2500
856376.5000 -352183.2500
705518.6250 -880543.5000
-674939.5000 -349775.3750
-227211.5625 292840.6250
549478.2500 -743824.0000
638845.7500 -918983.8125
556335.1250 -919464.7500
-216844.7500 323661.7500
139597.0000 -509779.2812
-152816.8750 207642.3750
-571423.7500 -393679.5000
95094.3750 81281.2500
915134.3750 250188.3750
-412301.8750 663627.5000
826578.8750 442364.8750
748406.0000 309915.3750
-707023.8750 459647.2500
622551.8750 -950043.3125
382050.7500 -770370.5625
-335651.5000 -872989.5625
-519453.5312 704913.5000
-330083.4375 -455306.1250
-885324.2500 287565.6250
742171.6250 355253.3750
-820765.6875 -320629.5625
-877853.5000 -608965.1875
-852101.8750 -83706.3125
-482473.9688 724312.2500
42857.8750 -940438.9375
-816297.3750 313035.2500
-34853.8750 489555.8750
-653820.3750 211420.6250
-969164.6250 -758789.1250
27286.4375 -750162.0000
-96637.1250 601767.2500
-761031.5000 -179732.3125
660226.3750 -656591.8750
-506802.4062 423364.8750
558137.5000 172104.3750
-326517.6875 618175.3750
995149.7500 217111.6250
758560.6250 -517834.3438
625112.7500 -870076.4375
-341282.6250 270700.2500
-687039.3125 62790.0000
212002.6250 930458.2500
107145.5000 -870702.2500
-912255.0625 795685.6250
-36138.8125 -270603.6875
293647.3750 614523.2500
157192.1250 -667807.6250
-723222.7500 -72869.8125
1705.8750 795145.0000
453848.2500 671176.0000
-896160.6875 -173433.5000
-384091.3750 226906.3750
755828.3750 576352.5000
497839.8750 -791783.3125
-426651.6875 -804809.1250
711711.0000 -734294.5000
-603834.6250 -271946.4375
-410746.7500 -648325.7500
-679178.8750 578885.1250
-38129.5625 -958769.4375
-432158.6250 -843721.8125
572310.6250 709857.3750
303918.3750 824555.5000
532022.5000 -44116.6250
633970.0000 -297338.3750
-168231.8125 -865839.7500
-438355.5625 528563.1250
-530892.1250 558069.2500
243707.0000 -704572.8750
596368.7500 -17219.2500
39370.8750 -829176.0000
-27604.6875 -292617.8125
287773.0000 47735.3125
598342.0000 601213.7500
-107959.5000 334735.0000
643115.3750 -475239.8750
643552.3750 840045.5000
-676246.5625 186548.7500
-218511.8750 324018.6250
-295734.3125 -528963.8750
509884.0000 -406347.9375
-354396.9375 -380338.8125
522234.1250 -349228.1250
878376.6250 -812347.3750
-965942.3750 876006.1250
-786320.5625 -593252.0000
-913753.2500 310292.5000
-983478.3750 549712.3750
728011.7500 678689.1250
-605471.0625 -307526.9375
-30426.6250 -152081.3125
-236089.7500 620203.7500
392990.5000 39292.6875
667504.6250 990103.3750
-459706.2500 750017.2500
-526290.5000 -283246.6250
-230821.7500 636030.7500
-32856.5000 579399.5000
542461.1250 -219638.1250
-236817.2500 -854777.0000
-41123.3125 -187781.3125
-764398.3750 840080.6250
-644833.1250 757146.1250
557463.8750 289198.3750
535393.1250 -704436.5000
-75607.3125 351753.7500
810761.0000 -732146.6875
-611263.2500 460486.0000
-855855.5000 498669.8750
142664.3750 -363768.5000
-159172.2500 -240861.5000
-934757.4375 791876.3750
-78399.5625 -468142.9375
-439055.1250 338642.2500
354584.8750 800639.8750
-511079.5312 -490421.2812
-285904.8750 286292.3750
437055.1250 796598.8750
-210090.2500 -414363.6875
-617322.7500 -987244.4375
-530149.6250 657194.6250
-233203.8125 -224206.1250
-218858.6875 543451.0000
619604.1250 -357433.2500
-333662.3125 -313103.6875
-77557.5625 137081.1250
-967441.5625 490095.3750
515525.8750 209705.2500
234618.3750 441853.6250
602383.2500 -767739.5000
-301134.1875 254518.8750
7890.1250 838103.6250
-156797.5625 608427.6250
646634.5000 702602.8750
-557653.2500 -15502.9375
310808.6250 -478829.6250
555549.2500 -238082.0000
605628.6250 -882929.3750
-108216.8750 800493.3750
-393867.8750 -801594.2500
519826.2500 262778.6250
437224.7500 719845.1250
796921.0000 436532.2500
948932.7500 -147739.1250
-705264.2500 713232.2500
459480.3750 624053.0000
492959.8750 486612.3750
-617375.3750 -822670.1250
-820104.7500 -228406.0000
752468.2500 499955.5000
-764546.8125 733934.3750
-996297.8125 261974.5000
-442995.4375 -777202.5000
843444.7500 576000.7500
990819.6250 -224609.3125
-239551.2500 704930.1250
-861340.5000 -137851.0000
-997845.4375 -549116.3125
-754174.0000 -788406.8750
-464107.3125 597104.5000
690445.8750 -252234.7500
-207463.5000 323424.3750
-480558.2812 -838726.7500
-970569.9375 -742724.5000
-338963.8125 -369033.1250
933536.6250 -964661.5625
-493165.2500 -49294.5625
-656492.5000 -627991.7500
-940360.5625 330639.6250
-295638.6875 -640465.0000
-46849.9375 -799312.6250
-970908.3125 594099.3750
725717.8750 -55766.8750
243879.5000 -859032.3125
-865461.4375 882795.0000
93854.3750 189331.3750
-14865.9375 -589398.1250
-464579.6875 148006.0000
-557224.4375 -191382.0000
512212.0000 728536.5000
-868761.3750 747970.0000
-128008.3750 728141.2500
-159535.1875 563922.1250
-228452.8125 692912.0000
-787805.3750 393955.6250
170386.3750 -645197.2500
-57435.0625 -316062.1875
270200.1250 689252.7500
846004.5000 -746662.3750
944474.8750 797819.0000
904446.7500 -211167.6875
309333.8750 -963865.6875
383628.0000 975211.7500
780417.1250 -364325.5625
-492216.1250 469299.0000
-545908.3125 -676536.3125
-918278.4375 918967.2500
-688758.7500 494276.8750
295400.1250 32028.0625
179425.6250 790990.6250
553942.8750 -393493.5625
13249.0625 118522.8750
-881811.9375 676570.3750
290648.0000 -612822.6250
-305307.1875 920669.6250
-298973.3750 701594.6250
-667638.0000 -845163.7500
-115032.6875 -992569.4375
-165210.6250 645435.6250
103489.6250 -694704.3750
-505385.5000 -649640.3750
424521.6250 -13897.5625
-291602.3750 936497.2500
-182283.0000 -960563.0000
-469599.5625 369937.0000
821952.6250 -559360.8750
601482.0000 557065.6250
985152.6250 -891712.6875
663281.0000 -541044.6250
71167.0000 -236325.8750
-20355.9375 103646.0000
-894695.4375 -122383.2500
-844559.7500 853641.6250
-227656.5000 -515037.0625
-643929.4375 -222921.6250
-269424.0000 -521822.4375
-972977.2500 -209018.5000
-348496.1875 -828842.0625
-563165.1250 824503.8750
-981623.4375 884335.0000
-648262.8750 -145454.1875
-241262.1875 645907.0000
312841.7500 -893418.6250
-726057.2500 -67872.1250
-406988.8750 -844434.3125
-418177.8125 -261344.5625
-600891.0000 -313595.5625
-647551.8750 825331.7500
-983337.1250 596240.6250
-123920.0625 -947588.7500
-937758.9375 -724515.8750
-147131.6875 -914508.6875
74806.8750 -841787.6875
878943.5000 -719409.8125
614320.0000 403202.0000
-807727.5000 877562.3750
482947.7500 523739.1250
613659.7500 901922.6250
-915901.6250 -220557.8750
-667425.3125 441443.0000
-708839.3125 583048.2500
403261.0000 537776.1250
-450971.0000 -392482.3125
-939919.3125 530080.3750
-301495.6250 776444.2500
427471.6250 763635.8750
708709.5000 515184.6250
598329.1250 -719783.5000
-123109.5000 117443.6250
680852.6250 898594.7500
-539296.7500 -909534.0625
-676245.6875 39824.1250
967925.2500 338607.0000
628111.6250 -80643.3125
649807.2500 671782.6250
-950564.6875 -689174.1875
789792.0000 -140727.6875
-929505.8750 35525.0625
-523528.3438 -204588.7500
574839.8750 -940764.2500
-564334.1250 -667255.6250
-389547.6250 -763514.5625
872347.5000 872545.5000
-271844.8750 -455064.6250
164814.8750 -896997.3750
668855.8750 42760.1250
-587741.5000 -537906.1250
-595349.3750 -171868.5625
14147.3125 -37602.5625
-697693.0000 -226613.7500
-281675.9375 -125678.6875
958425.7500 -126913.8750
16194.6875 260844.7500
18459.1875 184210.0000
-554637.5000 242842.0000
329689.3750 207195.1250
826027.0000 -911475.8125
-950526.1250 -964535.6250
961743.5000 507107.8750
293814.2500 21675.1250
42079.1875 136255.2500
280643.3750 -775612.5000
-425179.7500 772033.8750
820066.7500 4451.7500
613368.5000 860035.2500
191358.6250 885237.8750
-610123.3750 164418.8750
-398091.1875 -343333.0000
-289703.1875 -718884.3750
-784061.8125 958720.6250
-929359.2500 272926.2500
98330.2500 259183.5000
-529030.1250 637084.0000
663358.7500 590150.7500
938781.3750 -930151.8125
-65238.6875 98288.5000
79747.5000 -467062.5625
-396502.6875 317820.2500
408518.6250 -20681.3750
832070.5000 -27201.0625
-391609.6250 608651.6250
811089.1250 217100.6250
432593.3750 -23535.8750
-994776.6875 596121.0000
-736566.7500 788556.2500
-379911.7500 522378.7500
-989855.6875 822931.5000
-535864.2500 -504940.5312
-222988.0000 -271209.7500
-127353.5625 240249.5000
-875627.0000 -431419.9375
-277955.2500 -663549.6250
-275909.5000 406480.8750
-151225.0625 789662.0000
-376452.6250 360184.6250
-369035.1250 960411.2500
690617.2500 -373493.7500
386323.5000 -797144.8750
-675921.7500 937783.3750
-820491.2500 -217339.1875
-505521.9375 3896.8125
-464346.1875 -306804.5625
61947.8750 -265956.9375
906980.1250 -843642.1250
-823429.8750 -385364.6250
-25157.0000 614028.3750
148124.6250 -813580.7500
324787.1250 -471093.8750
-661760.8125 696813.1250
718156.3750 -213677.7500
-924366.2500 53613.1250
-69781.1250 176708.0000
-685293.1250 -811369.3750
394516.5000 278716.8750
-590152.0625 639103.2500
519740.3750 -685397.7500
342940.0000 -723368.6875
-122006.1875 -207301.8750
-862.8125 -557386.8750
-74513.6250 -502176.1250
-649302.6875 -350368.8750
36285.0625 -830485.1250
147154.8750 -156354.6875
345443.5000 -767754.7500
-823861.8125 -131065.8750
-740514.1250 -645727.3750
-631547.9375 178340.3750
-654369.2500 -426051.9375
-930857.3125 16723.3750
-281504.1250 -918324.6250
-589929.2500 759529.3750
771349.3750 -940276.6250
355968.8750 69040.0000
-458409.3125 767748.0000
416641.2500 -485368.1875
778209.3750 489723.2500
-410442.5000 -635235.9375
-309952.6250 -307271.3750
-538129.2500 626016.6250
127698.3750 -337589.8750
924688.8750 226627.2500
