600
61371.8750 -230138.5625
-718709.6250 -522325.1562
-433976.5000 647204.5000
404131.5000 157934.3750
445526.7500 238617.5000
53006.5000 -33078.3125
-423104.3125 881631.2500
218797.6250 885953.3750
-440659.1875 -667367.2500
-231911.9375 -158995.1250
-876218.6250 255317.7500
-936314.6250 -606231.7500
927293.8750 -639678.2500
346790.2500 -970884.3750
456320.0000 503388.8750
298418.5000 -627934.8750
-23788.9375 -480753.4688
-299467.5625 179431.2500
-39136.3125 848929.6250
-657839.3750 235934.0000
581196.5000 -306147.3750
-12310.6250 171356.5000
95553.6250 -904855.3750
372504.5000 -30679.3750
-704486.0000 681697.8750
-165864.1875 -296910.0000
-339076.2500 320798.5000
-973143.1875 -853868.8125
-48510.2500 381980.7500
785519.7500 688569.3750
-94365.4375 230731.6250
186210.1250 130.0625
35096.6250 -365797.8750
-332668.5625 -130798.6250
396048.7500 840149.6250
-21290.0000 391145.2500
86824.0000 178859.2500
28817.6250 -750042.9375
-80328.3125 338782.6250
197798.7500 -77693.9375
-55533.7500 403638.0000
114619.0000 643786.2500
146439.0000 402698.0000
413027.7500 -799999.2500
-619380.6875 -242197.8750
-155656.5625 69009.5000
110468.1250 -120538.4375
356797.1250 638207.6250
-622441.8125 689794.5000
624915.1250 620492.8750
-607762.3125 948735.2500
-404735.2500 -661058.1875
-766307.7500 -385599.2500
547153.1250 665588.6250
-789480.3125 1857.0625
-470594.0625 -795410.8750
-115242.8125 725643.1250
672529.5000 -886495.3750
-279945.5625 -798136.5000
279253.2500 954856.8750
281905.0000 -590570.5000
-109839.9375 -21307.1875
480832.0000 -79105.0625
-379071.0625 -657248.7500
540503.1250 953206.3750
517819.5000 236123.0000
19151.8125 992920.7500
-246989.3125 -116513.8125
-892792.7500 850425.8750
399322.2500 832296.0000
632484.5000 -590073.6250
-343164.2500 167885.7500
467806.0000 438654.5000
-714462.5000 415379.6250
219602.7500 28810.6250
-435540.3125 862233.8750
-575853.2500 -126410.1875
248370.5000 -366023.1875
77030.0000 362710.6250
-769635.2500 643019.5000
-182488.4375 740513.8750
-44768.8750 916520.2500
-383359.1875 -430200.6875
-15322.0000 882488.5000
-786624.5000 483204.2500
-315824.5000 -797305.6250
-480673.5000 -62026.5625
897585.3750 -679187.3750
776194.7500 -282693.1250
299981.8750 -496679.9688
-632330.5000 -204595.2500
149650.7500 420905.0000
905531.3750 -821389.5625
-403802.2500 -734122.8750
-706286.3750 -704748.3750
282273.8750 -555704.0000
84573.1250 176598.1250
-554794.4375 -578720.4375
-906479.0000 -429993.8750
-839726.1875 807946.6250
124130.3750 721611.5000
-650982.0000 259139.0000
306212.1250 946171.6250
462514.3750 509220.1250
793135.7500 -520569.2188
738273.6250 232566.1250
823844.5000 165694.2500
-680670.1875 355525.6250
-115343.8125 -23687.5000
-352259.8125 -583111.3750
627155.7500 -431092.5625
-131077.3750 607596.1250
630853.0000 983437.2500
-705207.7500 745242.7500
360862.3750 -426467.5000
-990335.3750 -986909.6250
-926808.4375 -566961.7500
-310383.6875 -869656.1250
-174782.0000 -618681.1875
-209120.2500 438971.2500
-776992.8125 -684166.0000
-274940.3750 -918562.1875
771999.5000 -923021.8125
157390.8750 995309.0000
-347633.1250 -731620.6250
-166673.0625 -669492.8750
947593.7500 725706.5000
-613505.8750 208210.1250
576429.5000 807079.0000
-967775.5625 50278.5000
92410.5000 595709.6250
239287.3750 -856652.6250
-763235.2500 -296945.5000
-182108.6875 304505.1250
-30840.3750 -701138.2500
-869976.6250 -334793.2500
-550544.8750 302460.2500
-40936.1250 991370.2500
263272.0000 -12717.1250
-584583.0000 814149.7500
177143.6250 912844.3750
-953742.0625 -747007.4375
109251.6250 456839.8750
677627.8750 191270.1250
-197601.0625 893187.5000
423489.8750 919047.0000
-201110.9375 -404248.3125
976116.6250 -72054.7500
-397481.3125 -408186.9375
488352.2500 -468704.2500
376418.0000 -262011.3125
-520943.7188 458230.5000
-139716.6875 498950.5000
887397.7500 -218784.5625
-752976.6250 494035.0000
-37205.0625 721720.8750
-781428.0625 694783.1250
378832.0000 538964.6250
748290.8750 -971217.4375
-743648.2500 525094.0000
-351657.4375 -496004.7500
-825462.5625 -307183.0000
-831825.8750 450596.1250
351756.2500 -497866.8750
253403.2500 -32828.3750
-557892.8750 949452.1250
-670417.6875 -505543.5625
310773.8750 290016.6250
790507.6250 -823181.3750
-78233.9375 63183.2500
503013.2500 -878175.5625
-320100.9375 142897.6250
878925.6250 63478.2500
869249.0000 104532.0000
185938.0000 -532743.1250
562479.0000 -939575.0000
-221665.3750 -414721.3750
-666196.5000 470002.6250
-635016.1250 -764838.1250
-49721.2500 -716490.1250
-15517.0625 334859.6250
-229153.1875 -795277.5000
226612.6250 622016.2500
-921744.6875 676687.0000
-890040.1875 236991.1250
52699.2500 -905690.9375
-257110.1250 -283944.6250
-958574.6875 749987.6250
-320737.8125 -764938.4375
119931.1250 -640678.2500
-750783.2500 -317055.4375
830960.3750 -414420.7500
573759.3750 -49350.0000
565784.7500 -826169.6875
-515939.3438 -855388.5625
951127.0000 607422.6250
877053.5000 -408587.1250
-855590.8125 637659.5000
-624776.3125 85522.3750
440826.1250 -615193.6250
-637329.8750 966345.2500
513140.1250 396175.0000
472287.2500 345360.3750
562105.6250 -268307.1250
-266244.6250 -691156.4375
274006.1250 -774184.9375
855916.1250 -778553.2500
-398061.0000 -616909.5000
-330345.7500 -210765.1875
617103.2500 -121341.3125
776853.8750 -346952.0625
711208.2500 583846.7500
-527454.1250 -723063.5000
-748101.1250 -920970.3125
-501514.7500 663979.1250
190113.3750 -958517.8750
-123210.8750 -764450.7500
-731074.0000 -804470.2500
440095.8750 838724.3750
491054.1250 692359.7500
-67653.6250 -852149.0000
-154202.5000 945668.2500
530747.0000 318708.2500
-49248.1250 265719.6250
849521.1250 286716.8750
-101014.5000 -97346.4375
204534.1250 249313.0000
711993.8750 -393722.1250
871794.1250 481399.0000
746877.0000 244109.3750
182637.6250 760527.3750
447660.5000 -411111.5625
-701809.0000 -171636.9375
105886.1250 696620.8750
-324752.8125 -372483.1875
-55555.3125 -120072.3125
127365.3750 281081.0000
464725.1250 629646.2500
968496.5000 635150.2500
74180.7500 -477891.6875
436773.8750 756377.5000
278121.0000 859182.3750
146906.8750 380207.3750
951798.3750 -936219.9375
-139826.6250 873437.2500
-344417.8750 -66183.3750
-199316.9375 -631058.5000
-915219.4375 80864.2500
559884.6250 -92785.1875
-9869.1250 -19040.3125
-447503.0000 130395.1250
578805.8750 817075.0000
977106.1250 -8033.7500
33078.6875 223004.3750
-808307.6875 -46933.3125
-973451.0000 772834.2500
579695.8750 -791421.4375
958015.5000 947281.3750
-933630.3750 -634077.1250
-326663.5625 473830.7500
-532363.9375 -234576.8125
18234.3750 558934.7500
-529596.3750 465131.7500
497511.1250 -925775.1250
-583621.7500 -329302.3125
-160711.3125 -930336.1875
47801.7500 924974.5000
-794819.2500 -596108.5000
430048.7500 -526659.7500
-705677.6250 -172232.1250
-262681.9375 -324166.3125
740438.8750 -896011.1250
292839.2500 555024.2500
-200281.5625 -250502.7500
138223.5000 -131960.5625
-542003.2500 -876452.8125
22264.3750 551557.1250
-155837.6250 197051.5000
424519.1250 837414.3750
719719.5000 894313.1250
-306494.0625 326750.3750
-659613.8750 754527.3750
-258871.3125 -129842.3125
606772.8750 -850561.8750
-669092.8750 32089.6875
319605.2500 555739.8750
987124.8750 -394538.7500
486420.3750 608465.8750
825644.3750 -732740.7500
-549479.3750 604239.3750
719636.8750 900857.8750
-790040.6250 937538.5000
-892630.8125 -212583.6250
-390281.3125 -445551.8750
-595930.1250 541881.5000
-396894.0000 202868.0000
-164102.3125 -597022.8750
299217.8750 -67335.0625
583302.6250 954399.0000
366799.1250 -433012.0000
685992.1250 792567.7500
-183897.9375 -529552.1875
-989600.7500 -772475.1250
-858367.4375 -220316.4375
378234.7500 -581520.8750
-731206.3750 992043.1250
402269.7500 614172.8750
694856.5000 946789.7500
-588857.1250 453823.5000
696404.3750 -921955.3750
-708609.3750 466906.2500
79988.0000 402218.1250
141969.1250 358668.6250
975432.2500 74431.7500
87481.8750 90681.6250
-391913.8750 308538.5000
-30421.8125 -897009.0000
-661511.5000 701097.0000
-999246.0000 -24097.0625
-170345.5000 -327730.6875
286007.2500 -996829.5625
459482.0000 924404.1250
456800.0000 513503.6250
-695522.1250 -562783.1250
-476340.4688 359821.6250
-668364.6250 145256.8750
840243.7500 796384.7500
-281643.3750 -24887.3125
346776.3750 419726.7500
893309.0000 270178.6250
-558212.6250 -155325.6250
-569623.1250 121106.1250
889699.2500 343957.2500
-18049.5625 -825371.4375
-226894.2500 641028.8750
401447.0000 588469.1250
-18671.6250 -878444.6250
705000.8750 185797.8750
607510.7500 949759.5000
842231.0000 434631.0000
687465.8750 -622913.8125
237209.3750 239795.2500
-450381.8125 776316.3750
-125843.4375 433145.3750
808333.1250 948462.5000
-441944.8750 -343573.6250
-537260.0625 232133.1250
515436.2500 270156.2500
-694378.7500 937187.2500
362620.1250 -424563.4375
-518460.8750 556523.0000
192883.8750 228368.7500
-474199.5625 -201372.9375
-267393.8750 127193.0000
746665.1250 -89085.1250
270438.8750 -798936.7500
533061.0000 -734067.1250
-215587.7500 -842280.9375
-282804.5000 616988.0000
-392598.2500 904956.7500
-699237.3750 -398923.0625
593209.0000 -82192.3750
697995.5000 64181.5000
-197385.0000 -789325.7500
-42811.6250 550482.3750
-539898.5000 465250.2500
38572.8125 -73895.5000
831145.5000 293736.6250
-7931.1250 -936396.0000
-426942.4375 701944.0000
938341.0000 378826.6250
749990.8750 697611.1250
845799.6250 -904572.7500
45231.9375 -644014.6875
501330.2500 213869.3750
-247874.3125 -142931.3750
-668368.0000 -23839.3750
-853202.4375 738094.1250
-307825.9375 226672.8750
-461243.3750 369342.5000
708897.8750 -118122.8750
-150901.5625 445043.6250
817237.7500 -202367.0000
-603380.0000 -685940.6250
774910.5000 992370.7500
437014.8750 -79583.6875
560462.1250 908702.3750
898166.6250 -313982.3750
813988.1250 -512238.1250
41975.3750 698759.0000
453799.8750 -519875.4062
219918.5000 -986123.6250
-613790.3125 170249.7500
33920.0625 26419.6250
-814359.6875 95269.0000
-936966.1250 -943591.1875
515635.5000 409978.8750
-571791.8125 286513.2500
-478822.7188 -104508.7500
-58835.0000 426842.5000
-936073.5000 -839943.8750
-910610.1250 -587309.5000
46698.0625 -624736.8750
19653.8125 854645.0000
-413022.5625 321627.1250
-997357.1250 329446.2500
-812672.7500 -580877.7500
846541.0000 -590298.8750
-372933.5000 -184826.1250
578845.7500 106537.7500
-171199.3125 660667.0000
17650.5000 652943.2500
-497509.4062 651365.6250
585687.6250 358933.0000
610110.7500 -347914.0000
931677.7500 131786.2500
976637.2500 707025.3750
317255.3750 342852.2500
-783937.6875 111097.6250
-847307.5625 358966.7500
704493.1250 -698238.5625
852493.7500 416543.8750
-735007.1875 -137843.5000
-16734.6250 733859.8750
-825427.7500 742022.6250
930087.6250 -963709.7500
-106971.1250 -17975.0625
283071.3750 136150.6250
962058.6250 -419648.8125
7142.8750 -679716.3750
-645606.0000 51487.6250
28971.1875 -700539.7500
565434.5000 918103.5000
604476.5000 -742868.7500
-114414.0000 -563462.5000
201628.0000 -956137.2500
-985231.5625 760576.8750
-572062.5000 -787325.0625
-758058.3750 -655010.2500
77660.5000 -686852.0000
-813698.6250 -760326.8750
-580668.3750 167395.7500
-313174.6250 707424.6250
719609.6250 474726.0000
255609.1250 478506.3750
359831.7500 24059.0625
-784477.8125 -309560.6250
630696.1250 -718948.6250
-4626.6875 110072.8750
-973156.8125 239128.1250
575791.2500 153184.7500
607563.1250 -677419.6250
852781.3750 -686686.9375
255077.2500 697819.7500
-777023.3125 -916926.1250
-950889.5625 569468.0000
-285030.4375 399221.3750
723258.0000 -506293.6250
-961951.7500 -202234.9375
-37153.9375 476823.0000
806198.6250 -446194.6250
-182688.1250 -220871.1875
-291417.6875 -439239.0625
-552324.7500 142169.8750
-459399.0000 -922500.1250
315535.6250 880842.2500
-196974.3750 -793014.6250
244976.7500 -548804.3750
-793678.1250 -676432.0625
46097.1875 651279.0000
-497509.0000 755013.0000
-979564.8125 366336.7500
493135.6250 454720.8750
67068.0000 129592.8750
-817340.5625 -788767.6250
536735.0000 957252.1250
583950.2500 904062.8750
-142091.0625 452184.1250
-199123.9375 -123531.8125
134977.8750 -676138.8125
497749.5000 573362.1250
-329748.6875 -324408.3125
-632503.7500 -86073.2500
-595288.8125 -489831.3438
500367.1250 980811.6250
-390626.3125 -328457.8125
1404.1875 743856.7500
908572.8750 -399184.3750
-136028.1250 384950.5000
-406709.1250 -224454.5000
175817.0000 439470.1250
97047.2500 955917.0000
560205.8750 -926723.3750
962473.1250 -619565.5000
-52287.9375 287020.2500
273127.2500 -803696.5000
-823808.6875 449049.6250
139531.3750 247762.2500
702113.0000 -895656.4375
602178.7500 412840.0000
980679.2500 818288.7500
-1732.0000 276551.3750
60771.6250 890703.8750
-338224.3750 -612503.0000
-951159.2500 -536856.7500
397321.3750 -133968.1875
-606154.6875 -221015.3750
-501856.7188 358511.2500
-58458.3750 -705780.8750
-12988.2500 -510383.3750
-533717.3750 -294194.8750
850722.5000 -187014.3125
501691.6250 93919.2500
597183.8750 -68745.3125
-45279.9375 867612.0000
-687427.8750 980859.8750
818500.5000 400120.1250
-480231.6562 537247.5000
-895245.5625 747254.3750
-113623.1875 -392462.3125
671888.6250 334900.5000
97505.7500 431730.6250
238609.0000 780403.3750
-899013.3750 299940.6250
-928122.7500 282803.0000
-192830.6875 -959254.6250
-908830.3750 -905153.1250
683754.6250 -712400.5625
71964.5000 -137557.4375
283368.2500 -493587.0312
-122674.6875 570350.2500
-172544.2500 206451.2500
-895913.5000 48854.8750
26069.7500 382223.2500
-460428.4375 154908.0000
250310.5000 -420286.1875
648393.0000 969634.5000
688496.1250 -459172.5000
-714081.6250 -445928.1875
-763527.5625 430608.5000
-717929.8750 -607527.6875
-778539.0000 -247086.2500
651745.0000 -904941.3125
302665.8750 -121836.0000
395556.2500 905360.6250
-956663.4375 112396.2500
-940024.9375 -642169.3125
563601.5000 -999312.0000
-535561.0000 449661.7500
183086.7500 825619.2500
267260.0000 -860934.8750
-333041.0625 -161262.1250
222528.7500 578224.6250
-743742.7500 39225.1250
-471912.2500 -84397.6875
295663.0000 570256.2500
525472.0000 -791305.6875
42009.0000 -390906.0625
591400.5000 44421.4375
-188269.5625 -331182.6875
781462.2500 -246398.4375
-462264.2500 37337.8750
412823.5000 724722.6250
22292.7500 323200.0000
-766051.1875 673364.2500
-128451.9375 977323.1250
575799.5000 -891618.0000
-599825.4375 -537906.8125
750033.1250 733786.5000
-578467.2500 -193406.2500
665419.6250 -299597.4375
884673.5000 -292801.5625
831218.0000 707254.7500
-994299.6875 281966.2500
-526305.3750 804871.5000
-809286.5000 385743.5000
335924.5000 321195.7500
227682.5000 -115890.5625
-330462.6875 658396.5000
480064.5000 -86840.0625
300023.0000 443642.5000
-260927.8125 485377.3750
745281.0000 586109.6250
347398.0000 -61739.3125
309636.8750 719242.6250
-180580.2500 66390.1250
29635.3125 987447.5000
-38162.6875 81511.3750
-185750.0000 599025.0000
-234382.5625 99706.3750
-28066.5625 731717.2500
6452.0625 285119.6250
630393.2500 439973.2500
347244.2500 -980761.1875
-41769.3125 133989.3750
-244058.0000 -17269.2500
117452.3750 116982.1250
-704627.0000 21615.7500
448705.3750 -665529.3125
-966902.3125 -607542.5000
